country	local_id	global_id	type	day	month	year	participant_age	participant_gender	participant_occupation	participant_occ_detail	participant_education	participant_edu_length	participant_school_year	participant_nationality	hh_size	hh_age_1	hh_age_2	hh_age_3	hh_age_4	hh_age_5	hh_age_6	hh_age_7	hh_age_8	hh_age_9	hh_age_10	hh_age_11	hh_age_12	hh_age_13	hh_age_14	hh_age_15	hh_age_16	hh_age_17	hh_age_18	hh_age_19	hh_age_20	class_size	work_contacts	work_contacts_nr	child_care	child_care_nr	child_relationship	child_nationality	problems	diary_how	diary_missed_unsp	diary_missed_skin	diary_missed_noskin	diary_weight	dayofweek	cnt_count
BE	1	7255	1	20	3	2006	22	F	5	 	3	12	 	BE	2	24	 	 	 	 	 	 	 	 	 	 	 	 	 	 	 	 	 	 	 	 	N	 	 	 	 	 	N	2	1	 	 	1.7051	1	12
BE	2	7256	1	16	3	2006	21	F	5	 	7	15	 	BE	4	18	49	48	 	 	 	 	 	 	 	 	 	 	 	 	 	 	 	 	 	 	N	 	 	 	 	 	N	1	3	 	 	0.6037	4	24
BE	3	7257	2	17	3	2006	14	F	5	 	 	 	8	BE	5	17	19	48	52	 	 	 	 	 	 	 	 	 	 	 	 	 	 	 	 	21	N	 	 	 	 	 	N	2	3	 	 	1.0819	5	19
BE	4	7258	1	19	3	2006	79	M	2	 	3	12	 	BE	2	77	 	 	 	 	 	 	 	 	 	 	 	 	 	 	 	 	 	 	 	 	N	 	 	 	 	 	N	2	1	 	 	2.285	0	4
BE	5	7259	2	19	3	2006	11	M	5	 	 	 	5	BE	5	14	18	48	49	 	 	 	 	 	 	 	 	 	 	 	 	 	 	 	 	20	N	 	 	 	 	 	N	1	1	 	 	1.0819	0	16
BE	6	7260	1	21	3	2006	25	F	1	7	7	15	 	BE	1	 	 	 	 	 	 	 	 	 	 	 	 	 	 	 	 	 	 	 	 	 	Y	35	 	 	 	 	N	3	4	 	 	0.6592	2	49
BE	7	7261	1	17	3	2006	50	M	1	7	2	9	 	BE	2	50	 	 	 	 	 	 	 	 	 	 	 	 	 	 	 	 	 	 	 	 	Y	50	 	 	 	 	N	1	2	 	 	1.0549	5	68
BE	8	7262	1	19	3	2006	70	M	2	 	1	6	 	BE	2	72	 	 	 	 	 	 	 	 	 	 	 	 	 	 	 	 	 	 	 	 	N	 	 	 	 	 	N	1	1	 	 	2.285	0	13
BE	9	7263	1	20	3	2006	59	F	3	 	3	12	 	BE	2	62	 	 	 	 	 	 	 	 	 	 	 	 	 	 	 	 	 	 	 	 	N	 	 	 	 	 	N	1	1	 	 	0.9522	1	8
BE	10	7264	1	20	3	2006	50	M	1	6	7	15	 	BE	3	77	78	 	 	 	 	 	 	 	 	 	 	 	 	 	 	 	 	 	 	 	N	 	 	 	 	 	N	2	2	 	 	0.8367	1	14
BE	11	7265	2	18	3	2006	11	M	5	 	 	 	5	BE	4	9	38	39	 	 	 	 	 	 	 	 	 	 	 	 	 	 	 	 	 	26	N	 	 	 	 	 	N	1	1	 	 	0.5116	6	20
BE	12	7266	1	17	3	2006	54	F	1	7	3	12	 	BE	2	54	 	 	 	 	 	 	 	 	 	 	 	 	 	 	 	 	 	 	 	 	Y	30	 	 	 	 	N	1	1	 	 	1.0549	5	41
BE	13	7267	1	21	3	2006	32	F	1	7	7	15	 	BE	4	0	1	35	 	 	 	 	 	 	 	 	 	 	 	 	 	 	 	 	 	 	Y	 	 	 	 	 	N	1	1	 	 	2.3507	2	18
BE	14	7268	1	17	3	2006	49	F	1	7	3	12	 	BE	4	26	28	51	 	 	 	 	 	 	 	 	 	 	 	 	 	 	 	 	 	 	N	 	 	 	 	 	N	2	3	 	 	1.0063	5	8
BE	15	7269	1	20	3	2006	41	F	1	7	3	12	 	BE	3	14	45	 	 	 	 	 	 	 	 	 	 	 	 	 	 	 	 	 	 	 	Y	50	 	 	 	 	N	1	1	 	 	0.87	1	58
BE	16	7270	1	17	3	2006	60	F	2	 	7	15	 	BE	1	 	 	 	 	 	 	 	 	 	 	 	 	 	 	 	 	 	 	 	 	 	N	 	 	 	 	 	N	1	1	 	 	0.882	5	11
BE	17	7271	1	17	3	2006	28	M	1	5	7	15	 	BE	2	27	 	 	 	 	 	 	 	 	 	 	 	 	 	 	 	 	 	 	 	 	Y	25	 	 	 	 	N	1	2	 	 	1.0649	5	40
BE	18	7272	1	17	3	2006	54	F	3	 	1	6	 	BE	3	26	55	 	 	 	 	 	 	 	 	 	 	 	 	 	 	 	 	 	 	 	N	 	 	 	 	 	N	1	1	 	 	0.8367	5	6
BE	19	7273	1	17	3	2006	39	F	1	7	7	15	 	BE	4	17	20	44	 	 	 	 	 	 	 	 	 	 	 	 	 	 	 	 	 	 	N	 	 	 	 	 	N	2	1	 	 	1.2112	5	15
BE	20	7274	1	17	3	2006	54	F	3	 	4	12	 	BE	3	25	28	 	 	 	 	 	 	 	 	 	 	 	 	 	 	 	 	 	 	 	N	 	 	 	 	 	N	2	1	 	 	0.8367	5	7
BE	21	7275	1	18	3	2006	47	F	1	7	3	12	 	BE	3	20	21	 	 	 	 	 	 	 	 	 	 	 	 	 	 	 	 	 	 	 	N	 	 	 	 	 	N	2	1	 	 	0.8875	6	6
BE	22	7276	1	18	3	2006	43	F	4	 	2	9	 	BE	4	19	20	49	 	 	 	 	 	 	 	 	 	 	 	 	 	 	 	 	 	 	N	 	 	 	 	 	N	2	1	 	 	1.6599	6	13
BE	23	7277	1	21	3	2006	69	F	2	 	4	12	 	BE	2	71	 	 	 	 	 	 	 	 	 	 	 	 	 	 	 	 	 	 	 	 	N	 	 	 	 	 	N	1	1	 	 	1.4922	2	5
BE	24	7278	1	18	3	2006	66	F	2	 	7	15	 	BE	2	65	 	 	 	 	 	 	 	 	 	 	 	 	 	 	 	 	 	 	 	 	N	 	 	 	 	 	Y	1	1	 	 	1.4922	6	17
BE	25	7279	1	21	3	2006	53	F	1	7	3	12	 	BE	2	52	 	 	 	 	 	 	 	 	 	 	 	 	 	 	 	 	 	 	 	 	Y	40	 	 	 	 	N	2	4	 	 	1.0549	2	47
BE	26	7280	1	20	3	2006	34	M	1	7	7	15	 	BE	3	0	34	 	 	 	 	 	 	 	 	 	 	 	 	 	 	 	 	 	 	 	Y	3	 	 	 	 	N	1	1	 	 	0.7721	1	11
BE	27	7281	1	20	3	2006	58	F	3	 	4	12	 	BE	1	 	 	 	 	 	 	 	 	 	 	 	 	 	 	 	 	 	 	 	 	 	N	 	 	 	 	 	N	2	1	 	 	1.0573	1	9
BE	28	7282	1	20	3	2006	55	F	1	7	3	12	 	BE	3	30	58	 	 	 	 	 	 	 	 	 	 	 	 	 	 	 	 	 	 	 	Y	40	 	 	 	 	N	1	3	 	 	1.0135	1	99
BE	29	7283	1	20	3	2006	49	F	1	8	4	12	 	BE	6	13	17	22	28	50	 	 	 	 	 	 	 	 	 	 	 	 	 	 	 	 	Y	35	 	 	 	 	N	1	4	 	 	1.0331	1	60
BE	30	7284	1	20	3	2006	24	M	6	 	7	15	 	BE	2	25	 	 	 	 	 	 	 	 	 	 	 	 	 	 	 	 	 	 	 	 	N	 	 	 	 	 	N	1	2	 	 	1.7051	1	13
BE	31	7285	1	27	3	2006	50	F	6	 	4	12	 	BE	2	52	 	 	 	 	 	 	 	 	 	 	 	 	 	 	 	 	 	 	 	 	N	 	 	 	 	 	N	1	2	 	 	1.0549	1	2
BE	32	7286	1	18	3	2006	61	M	1	7	7	15	 	BE	3	31	62	 	 	 	 	 	 	 	 	 	 	 	 	 	 	 	 	 	 	 	Y	30	 	 	 	 	N	1	4	 	 	1.366	6	5
BE	33	7287	1	20	3	2006	41	F	3	 	3	12	 	BE	5	12	16	17	40	 	 	 	 	 	 	 	 	 	 	 	 	 	 	 	 	 	N	 	 	 	 	 	N	2	1	 	 	2.3409	1	11
BE	34	7288	1	18	3	2006	53	F	3	 	1	6	 	BE	2	52	 	 	 	 	 	 	 	 	 	 	 	 	 	 	 	 	 	 	 	 	N	 	 	 	 	 	N	2	1	 	 	1.0549	6	11
BE	35	7289	1	20	3	2006	56	M	1	7	7	15	 	EU	4	21	25	54	 	 	 	 	 	 	 	 	 	 	 	 	 	 	 	 	 	 	Y	40	 	 	 	 	N	1	1	 	 	0.5455	1	52
BE	36	7290	1	20	3	2006	55	F	1	7	7	15	 	BE	4	20	24	57	 	 	 	 	 	 	 	 	 	 	 	 	 	 	 	 	 	 	Y	25	 	 	 	 	N	2	1	 	 	0.5455	1	36
BE	37	7291	1	18	3	2006	29	F	1	7	7	15	 	BE	3	4	38	 	 	 	 	 	 	 	 	 	 	 	 	 	 	 	 	 	 	 	Y	 	 	 	 	 	N	1	1	 	 	1.007	6	14
BE	38	7292	1	20	3	2006	61	M	2	 	3	12	 	BE	2	54	 	 	 	 	 	 	 	 	 	 	 	 	 	 	 	 	 	 	 	 	N	 	 	 	 	 	N	1	1	 	 	0.7616	1	16
BE	39	7293	1	20	3	2006	45	F	1	5	7	15	 	BE	4	16	18	49	 	 	 	 	 	 	 	 	 	 	 	 	 	 	 	 	 	 	Y	10	 	 	 	 	N	1	1	 	 	1.0063	1	28
BE	40	7294	1	21	3	2006	69	M	2	 	7	15	 	BE	2	66	 	 	 	 	 	 	 	 	 	 	 	 	 	 	 	 	 	 	 	 	N	 	 	 	 	 	N	1	1	 	 	1.4922	2	18
BE	41	7295	3	18	3	2006	1	F	1	7	3	12	 	BE	3	27	32	 	 	 	 	 	 	 	 	 	 	 	 	 	 	 	 	 	 	 	 	 	Y	1	1	BE	N	2	2	 	 	0.3006	6	8
BE	42	7296	1	15	3	2006	56	F	2	 	7	15	 	BE	2	58	 	 	 	 	 	 	 	 	 	 	 	 	 	 	 	 	 	 	 	 	N	 	 	 	 	 	N	1	1	 	 	0.9522	3	9
BE	43	7297	2	20	3	2006	14	M	5	 	 	 	8	BE	4	12	41	46	 	 	 	 	 	 	 	 	 	 	 	 	 	 	 	 	 	23	N	 	 	 	 	 	N	2	2	 	 	0.5116	1	9
BE	44	7298	1	21	3	2006	68	F	2	 	2	9	 	BE	2	78	 	 	 	 	 	 	 	 	 	 	 	 	 	 	 	 	 	 	 	 	N	 	 	 	 	 	N	2	1	 	 	1.4922	2	14
BE	45	7299	1	21	3	2006	63	M	2	 	7	15	 	BE	2	59	 	 	 	 	 	 	 	 	 	 	 	 	 	 	 	 	 	 	 	 	N	 	 	 	 	 	N	2	1	 	 	0.7616	2	7
BE	46	7300	1	21	3	2006	48	F	3	 	3	12	 	BE	2	53	 	 	 	 	 	 	 	 	 	 	 	 	 	 	 	 	 	 	 	 	N	 	 	 	 	 	N	2	1	 	 	1.7036	2	16
BE	47	7301	1	20	3	2006	29	M	4	 	3	12	 	BE	5	4	31	61	62	 	 	 	 	 	 	 	 	 	 	 	 	 	 	 	 	 	N	 	 	 	 	 	N	2	2	 	 	1.3812	1	23
BE	48	7302	2	21	3	2006	13	F	5	 	 	 	7	BE	6	0	2	7	30	34	 	 	 	 	 	 	 	 	 	 	 	 	 	 	 	 	N	 	 	 	 	 	N	1	2	 	 	1.0819	2	37
BE	49	7303	1	22	3	2006	39	F	1	7	7	15	 	BE	5	12	10	14	40	 	 	 	 	 	 	 	 	 	 	 	 	 	 	 	 	 	Y	130	 	 	 	 	N	3	1	 	 	1.3126	3	156
BE	50	7304	1	23	3	2006	60	M	2	 	3	12	 	BE	2	58	 	 	 	 	 	 	 	 	 	 	 	 	 	 	 	 	 	 	 	 	N	 	 	 	 	 	N	1	1	 	 	0.7616	4	10
BE	51	7305	1	22	3	2006	43	M	1	6	7	15	 	BE	3	8	36	 	 	 	 	 	 	 	 	 	 	 	 	 	 	 	 	 	 	 	Y	10	 	 	 	 	N	1	1	 	 	0.87	3	22
BE	52	7306	1	21	3	2006	35	F	1	5	7	15	 	BE	5	5	6	7	35	 	 	 	 	 	 	 	 	 	 	 	 	 	 	 	 	 	Y	5	 	 	 	 	N	2	1	 	 	1.3126	2	37
BE	53	7307	1	23	3	2006	60	F	2	 	7	15	 	BE	2	61	 	 	 	 	 	 	 	 	 	 	 	 	 	 	 	 	 	 	 	 	N	 	 	 	 	 	N	2	1	 	 	0.7616	4	10
BE	54	7308	1	24	3	2006	37	M	1	8	3	12	 	OT	4	2	5	34	 	 	 	 	 	 	 	 	 	 	 	 	 	 	 	 	 	 	Y	60	 	 	 	 	N	2	1	 	 	1.2112	5	66
BE	55	7309	1	22	3	2006	68	M	2	 	2	9	 	BE	1	 	 	 	 	 	 	 	 	 	 	 	 	 	 	 	 	 	 	 	 	 	N	 	 	 	 	 	N	1	1	 	 	1.0388	3	4
BE	56	7310	1	25	3	2006	43	F	3	 	4	12	 	BE	3	16	42	 	 	 	 	 	 	 	 	 	 	 	 	 	 	 	 	 	 	 	N	 	 	 	 	 	N	2	1	 	 	0.87	6	12
BE	57	7311	1	24	3	2006	29	M	1	7	7	15	 	BE	3	61	68	 	 	 	 	 	 	 	 	 	 	 	 	 	 	 	 	 	 	 	N	 	 	 	 	 	N	1	1	 	 	1.007	5	16
BE	58	7312	1	24	3	2006	27	M	1	7	7	15	 	BE	2	28	 	 	 	 	 	 	 	 	 	 	 	 	 	 	 	 	 	 	 	 	Y	30	 	 	 	 	N	1	1	 	 	1.0649	5	34
BE	59	7313	1	25	3	2006	48	F	1	7	7	15	 	BE	4	19	22	49	 	 	 	 	 	 	 	 	 	 	 	 	 	 	 	 	 	 	N	 	 	 	 	 	N	1	1	 	 	1.0063	6	6
BE	60	7314	1	23	3	2006	33	M	1	7	7	15	 	BE	3	62	68	 	 	 	 	 	 	 	 	 	 	 	 	 	 	 	 	 	 	 	N	 	 	 	 	 	N	1	2	 	 	0.7721	4	14
BE	61	7315	1	22	3	2006	36	F	4	 	7	15	 	BE	4	1	3	28	 	 	 	 	 	 	 	 	 	 	 	 	 	 	 	 	 	 	N	 	 	 	 	 	N	1	1	 	 	1.2112	3	14
BE	62	7316	1	24	3	2006	42	F	4	 	3	12	 	BE	3	15	44	 	 	 	 	 	 	 	 	 	 	 	 	 	 	 	 	 	 	 	N	 	 	 	 	 	N	1	1	 	 	0.87	5	3
BE	63	7317	1	23	3	2006	38	F	6	 	7	15	 	BE	4	7	12	14	 	 	 	 	 	 	 	 	 	 	 	 	 	 	 	 	 	 	Y	90	 	 	 	 	N	1	1	 	 	1.2112	4	104
BE	64	7318	1	25	3	2006	62	F	2	 	2	9	 	BE	3	31	62	 	 	 	 	 	 	 	 	 	 	 	 	 	 	 	 	 	 	 	N	 	 	 	 	 	N	1	1	 	 	1.366	6	7
BE	65	7319	1	25	3	2006	47	F	1	7	2	9	 	BE	3	24	19	 	 	 	 	 	 	 	 	 	 	 	 	 	 	 	 	 	 	 	Y	20	 	 	 	 	N	2	2	 	 	0.8875	6	4
BE	66	7320	1	22	3	2006	57	F	2	 	2	9	 	BE	3	21	61	 	 	 	 	 	 	 	 	 	 	 	 	 	 	 	 	 	 	 	N	 	 	 	 	 	N	1	1	 	 	1.0135	3	7
BE	67	7321	1	24	3	2006	70	M	2	 	7	15	 	BE	2	69	 	 	 	 	 	 	 	 	 	 	 	 	 	 	 	 	 	 	 	 	N	 	 	 	 	 	N	1	1	 	 	2.285	5	21
BE	68	7322	1	24	3	2006	55	F	6	 	7	15	 	BE	1	 	 	 	 	 	 	 	 	 	 	 	 	 	 	 	 	 	 	 	 	 	N	 	 	 	 	 	N	2	2	 	 	1.0573	5	9
BE	69	7323	1	23	3	2006	32	M	1	8	4	12	 	BE	1	 	 	 	 	 	 	 	 	 	 	 	 	 	 	 	 	 	 	 	 	 	Y	80	 	 	 	 	N	2	2	 	 	0.8324	4	100
BE	70	7324	1	20	3	2006	18	F	5	 	3	12	 	BE	6	15	16	36	49	72	 	 	 	 	 	 	 	 	 	 	 	 	 	 	 	 	N	 	 	 	 	 	N	1	2	 	 	0.6122	1	19
BE	71	7325	1	22	3	2006	32	F	1	6	7	15	 	BE	3	2	37	 	 	 	 	 	 	 	 	 	 	 	 	 	 	 	 	 	 	 	Y	15	 	 	 	 	N	1	2	 	 	0.7721	3	19
BE	72	7326	3	24	3	2006	8	M	1	8	3	12	 	BE	5	1	5	24	31	 	 	 	 	 	 	 	 	 	 	 	 	 	 	 	 	 	 	 	Y	3	2	BE	N	2	2	 	 	1.1573	5	12
BE	73	7327	1	24	3	2006	75	M	2	 	2	9	 	BE	1	 	 	 	 	 	 	 	 	 	 	 	 	 	 	 	 	 	 	 	 	 	N	 	 	 	 	 	N	2	1	 	 	3.9884	5	2
BE	74	7328	1	26	3	2006	81	F	2	 	4	12	 	BE	1	 	 	 	 	 	 	 	 	 	 	 	 	 	 	 	 	 	 	 	 	 	N	 	 	 	 	 	N	1	1	 	 	3.9884	0	4
BE	75	7329	3	26	3	2006	8	M	1	7	7	15	 	BE	4	12	42	42	 	 	 	 	 	 	 	 	 	 	 	 	 	 	 	 	 	 	 	 	Y	3	1	BE	N	2	1	 	 	0.4368	0	6
BE	76	7330	1	24	3	2006	23	M	5	 	7	15	 	BE	4	27	50	51	 	 	 	 	 	 	 	 	 	 	 	 	 	 	 	 	 	 	N	 	 	 	 	 	N	2	1	 	 	0.6037	5	17
BE	77	7331	1	22	3	2006	45	F	1	7	7	15	 	BE	1	 	 	 	 	 	 	 	 	 	 	 	 	 	 	 	 	 	 	 	 	 	Y	10	 	 	 	 	N	2	2	 	 	1.3978	3	6
BE	78	7332	1	23	3	2006	24	M	1	7	7	15	 	BE	4	21	45	45	 	 	 	 	 	 	 	 	 	 	 	 	 	 	 	 	 	 	Y	15	 	 	 	 	N	2	1	 	 	0.6037	4	16
BE	79	7333	1	23	3	2006	57	F	4	 	2	9	 	BE	3	23	57	 	 	 	 	 	 	 	 	 	 	 	 	 	 	 	 	 	 	 	N	 	 	 	 	 	N	1	1	 	 	1.0135	4	9
BE	80	7334	1	26	3	2006	71	F	2	 	0	0	 	BE	2	77	 	 	 	 	 	 	 	 	 	 	 	 	 	 	 	 	 	 	 	 	N	 	 	 	 	 	N	2	1	 	 	2.285	0	2
BE	81	7335	1	24	3	2006	56	F	2	 	7	15	 	BE	3	26	67	 	 	 	 	 	 	 	 	 	 	 	 	 	 	 	 	 	 	 	N	 	 	 	 	 	N	2	1	 	 	1.0135	5	8
BE	82	7336	1	18	3	2006	23	M	4	 	7	15	 	BE	4	20	48	53	 	 	 	 	 	 	 	 	 	 	 	 	 	 	 	 	 	 	N	 	 	 	 	 	N	2	2	 	 	0.6037	6	18
BE	83	7337	1	24	3	2006	52	F	3	 	4	12	 	BE	3	19	53	 	 	 	 	 	 	 	 	 	 	 	 	 	 	 	 	 	 	 	N	 	 	 	 	 	N	2	4	 	 	0.8367	5	21
BE	84	7338	1	25	3	2006	61	F	3	 	2	9	 	BE	1	 	 	 	 	 	 	 	 	 	 	 	 	 	 	 	 	 	 	 	 	 	N	 	 	 	 	 	N	2	2	 	 	0.882	6	11
BE	85	7339	1	24	3	2006	54	M	1	7	7	15	 	BE	4	28	53	80	 	 	 	 	 	 	 	 	 	 	 	 	 	 	 	 	 	 	N	 	 	 	 	 	N	1	1	 	 	0.6693	5	26
BE	86	7340	1	23	3	2006	47	F	1	7	3	12	 	BE	5	14	19	22	51	 	 	 	 	 	 	 	 	 	 	 	 	 	 	 	 	 	Y	30	 	 	 	 	N	2	2	 	 	1.0331	4	41
BE	87	7341	1	24	3	2006	39	F	1	7	7	15	 	BE	4	7	9	44	 	 	 	 	 	 	 	 	 	 	 	 	 	 	 	 	 	 	Y	22	 	 	 	 	N	1	1	 	 	1.2112	5	36
BE	88	7342	1	22	3	2006	55	M	1	7	7	15	 	BE	2	51	 	 	 	 	 	 	 	 	 	 	 	 	 	 	 	 	 	 	 	 	N	 	 	 	 	 	N	1	2	 	 	0.9522	3	40
BE	89	7343	1	23	3	2006	52	F	1	7	2	9	 	BE	2	55	 	 	 	 	 	 	 	 	 	 	 	 	 	 	 	 	 	 	 	 	N	 	 	 	 	 	N	1	1	 	 	1.0549	4	24
BE	90	7344	1	23	3	2006	56	M	6	 	7	15	 	BE	1	 	 	 	 	 	 	 	 	 	 	 	 	 	 	 	 	 	 	 	 	 	N	 	 	 	 	 	N	2	1	 	 	1.0573	4	3
BE	91	7345	1	27	3	2006	54	F	3	 	7	15	 	BE	4	19	24	27	 	 	 	 	 	 	 	 	 	 	 	 	 	 	 	 	 	 	N	 	 	 	 	 	N	2	1	 	 	0.6693	1	10
BE	92	7346	1	26	3	2006	57	M	6	 	2	9	 	BE	4	18	20	53	 	 	 	 	 	 	 	 	 	 	 	 	 	 	 	 	 	 	N	 	 	 	 	 	N	2	1	 	 	0.5455	0	3
BE	93	7347	1	27	3	2006	62	F	2	 	3	12	 	BE	2	62	 	 	 	 	 	 	 	 	 	 	 	 	 	 	 	 	 	 	 	 	N	 	 	 	 	 	N	1	1	 	 	0.7616	1	4
BE	94	7348	1	23	3	2006	75	M	2	 	2	9	 	BE	2	67	 	 	 	 	 	 	 	 	 	 	 	 	 	 	 	 	 	 	 	 	N	 	 	 	 	 	N	1	1	 	 	2.285	4	2
BE	95	7349	1	24	3	2006	56	F	1	8	4	12	 	BE	1	 	 	 	 	 	 	 	 	 	 	 	 	 	 	 	 	 	 	 	 	 	Y	6	 	 	 	 	N	2	2	 	 	1.0573	5	22
BE	96	7350	1	24	3	2006	44	M	1	7	3	12	 	BE	1	 	 	 	 	 	 	 	 	 	 	 	 	 	 	 	 	 	 	 	 	 	Y	15	 	 	 	 	N	1	4	 	 	2.3019	5	25
BE	97	7351	1	26	3	2006	20	M	5	 	3	12	 	BE	4	26	50	52	 	 	 	 	 	 	 	 	 	 	 	 	 	 	 	 	 	 	Y	20	 	 	 	 	N	2	2	 	 	0.6037	0	35
BE	98	7352	1	22	3	2006	26	F	1	7	7	15	 	BE	2	30	 	 	 	 	 	 	 	 	 	 	 	 	 	 	 	 	 	 	 	 	Y	15	 	 	 	 	N	2	2	 	 	1.0649	3	13
BE	99	7353	1	27	3	2006	34	F	1	7	3	12	 	BE	1	 	 	 	 	 	 	 	 	 	 	 	 	 	 	 	 	 	 	 	 	 	N	 	 	 	 	 	N	2	1	 	 	0.8324	1	15
BE	100	7354	1	28	3	2006	46	F	3	 	3	12	 	BE	3	16	48	 	 	 	 	 	 	 	 	 	 	 	 	 	 	 	 	 	 	 	N	 	 	 	 	 	N	1	1	 	 	0.8875	2	8
BE	101	7355	1	24	3	2006	75	F	2	 	7	15	 	BE	2	82	 	 	 	 	 	 	 	 	 	 	 	 	 	 	 	 	 	 	 	 	N	 	 	 	 	 	N	1	1	 	 	2.285	5	4
BE	102	7356	2	26	3	2006	12	F	5	 	 	 	6	BE	3	42	45	 	 	 	 	 	 	 	 	 	 	 	 	 	 	 	 	 	 	19	Y	25	 	 	 	 	N	2	1	 	 	0.6754	0	11
BE	103	50036	1	25	3	2006	45	F	1	7	3	12	 	BE	1	 	 	 	 	 	 	 	 	 	 	 	 	 	 	 	 	 	 	 	 	 	Y	 	 	 	 	 	N	2	1	 	 	1.3978	6	0
BE	104	7357	1	26	3	2006	62	F	2	 	7	15	 	BE	4	37	40	60	 	 	 	 	 	 	 	 	 	 	 	 	 	 	 	 	 	 	N	 	 	 	 	 	N	3	1	 	 	0.7628	0	7
BE	105	7358	1	20	3	2006	54	F	6	 	7	15	 	BE	3	57	 	 	 	 	 	 	 	 	 	 	 	 	 	 	 	 	 	 	 	 	N	 	 	 	 	 	N	2	1	 	 	0.8367	1	9
BE	106	7359	1	24	3	2006	48	F	4	 	7	15	 	BE	3	15	20	 	 	 	 	 	 	 	 	 	 	 	 	 	 	 	 	 	 	 	N	 	 	 	 	 	N	2	1	 	 	0.8875	5	8
BE	107	7360	3	25	3	2006	5	M	1	7	3	12	 	BE	4	1	31	39	 	 	 	 	 	 	 	 	 	 	 	 	 	 	 	 	 	 	 	 	Y	3	1	BE	N	1	4	 	 	0.4368	6	7
BE	108	7361	1	24	3	2006	39	M	1	7	3	12	 	BE	4	9	12	38	 	 	 	 	 	 	 	 	 	 	 	 	 	 	 	 	 	 	Y	30	 	 	 	 	N	1	2	 	 	1.2112	5	56
BE	109	7362	1	24	3	2006	63	F	2	 	7	15	 	BE	3	28	63	 	 	 	 	 	 	 	 	 	 	 	 	 	 	 	 	 	 	 	N	 	 	 	 	 	N	1	3	 	 	1.366	5	5
BE	110	7363	1	18	3	2006	32	M	1	8	2	9	 	BE	3	1	27	 	 	 	 	 	 	 	 	 	 	 	 	 	 	 	 	 	 	 	N	 	 	 	 	 	N	2	2	 	 	0.7721	6	25
BE	111	7364	1	23	3	2006	30	F	1	7	3	12	 	BE	3	7	37	 	 	 	 	 	 	 	 	 	 	 	 	 	 	 	 	 	 	 	Y	30	 	 	 	 	N	2	2	 	 	0.7721	4	34
BE	112	7365	1	21	3	2006	22	F	1	7	7	15	 	BE	5	16	24	48	49	 	 	 	 	 	 	 	 	 	 	 	 	 	 	 	 	 	Y	100	 	 	 	 	N	3	4	 	 	1.1636	2	113
BE	113	7366	1	27	3	2006	43	F	1	7	7	15	 	BE	3	17	48	 	 	 	 	 	 	 	 	 	 	 	 	 	 	 	 	 	 	 	N	 	 	 	 	 	N	1	1	 	 	0.87	1	12
BE	114	7367	1	26	3	2006	54	F	1	5	7	15	 	BE	2	24	 	 	 	 	 	 	 	 	 	 	 	 	 	 	 	 	 	 	 	 	Y	15	 	 	 	 	N	1	4	 	 	1.0549	0	15
BE	115	7368	1	23	3	2006	55	F	3	 	4	12	 	BE	3	25	56	 	 	 	 	 	 	 	 	 	 	 	 	 	 	 	 	 	 	 	N	 	 	 	 	 	N	1	2	 	 	1.0135	4	7
BE	116	7369	1	20	3	2006	23	F	1	5	3	12	 	BE	4	7	7	34	 	 	 	 	 	 	 	 	 	 	 	 	 	 	 	 	 	 	Y	35	 	 	 	 	N	2	1	 	 	0.6037	1	47
BE	117	7370	1	21	3	2006	33	F	6	 	7	15	 	BE	5	6	8	9	48	 	 	 	 	 	 	 	 	 	 	 	 	 	 	 	 	 	N	 	 	 	 	 	N	2	2	 	 	1.2399	2	19
BE	118	7371	3	19	3	2006	2	F	1	7	7	15	 	BE	4	1	35	47	 	 	 	 	 	 	 	 	 	 	 	 	 	 	 	 	 	 	 	 	N	 	1	BE	N	2	1	 	 	0.8495	0	5
BE	119	7372	3	23	3	2006	5	F	1	7	3	12	 	BE	4	9	33	34	 	 	 	 	 	 	 	 	 	 	 	 	 	 	 	 	 	 	 	 	Y	3	1	BE	N	2	4	 	 	0.4368	4	5
BE	120	7373	1	22	3	2006	46	F	1	7	7	15	 	BE	2	10	 	 	 	 	 	 	 	 	 	 	 	 	 	 	 	 	 	 	 	 	Y	20	 	 	 	 	N	2	2	 	 	1.7036	3	21
BE	121	7374	1	23	3	2006	66	M	1	5	4	12	 	BE	2	61	 	 	 	 	 	 	 	 	 	 	 	 	 	 	 	 	 	 	 	 	N	 	 	 	 	 	N	1	1	 	 	1.4922	4	8
BE	122	7375	1	27	3	2006	48	M	1	8	3	12	 	BE	4	14	18	43	 	 	 	 	 	 	 	 	 	 	 	 	 	 	 	 	 	 	Y	20	 	 	 	 	N	3	3	 	 	1.0063	1	9
BE	123	7376	1	27	3	2006	50	F	6	 	2	9	 	BE	1	 	 	 	 	 	 	 	 	 	 	 	 	 	 	 	 	 	 	 	 	 	Y	25	 	 	 	 	N	2	1	 	 	1.4245	1	52
BE	124	7377	1	27	3	2006	50	F	3	 	3	12	 	BE	3	23	60	 	 	 	 	 	 	 	 	 	 	 	 	 	 	 	 	 	 	 	N	 	 	 	 	 	N	1	1	 	 	0.8367	1	15
BE	125	7378	1	25	3	2006	55	M	1	7	7	15	 	BE	2	46	 	 	 	 	 	 	 	 	 	 	 	 	 	 	 	 	 	 	 	 	Y	10	 	 	 	 	N	2	1	 	 	0.9522	6	17
BE	126	7379	1	24	3	2006	25	F	1	7	7	15	 	BE	1	 	 	 	 	 	 	 	 	 	 	 	 	 	 	 	 	 	 	 	 	 	Y	50	 	 	 	 	N	2	3	 	 	0.6592	5	62
BE	127	7380	1	24	3	2006	18	F	5	 	1	6	 	BE	4	19	46	47	 	 	 	 	 	 	 	 	 	 	 	 	 	 	 	 	 	 	Y	15	 	 	 	 	N	1	3	 	 	0.5178	5	25
BE	128	7381	1	23	3	2006	45	F	1	7	7	15	 	BE	4	11	21	54	 	 	 	 	 	 	 	 	 	 	 	 	 	 	 	 	 	 	Y	 	 	 	 	 	N	1	3	 	 	1.0063	4	4
BE	129	7382	1	25	3	2006	32	F	1	7	3	12	 	BE	5	4	6	10	36	 	 	 	 	 	 	 	 	 	 	 	 	 	 	 	 	 	Y	12	 	 	 	 	N	3	3	 	 	1.2399	6	22
BE	130	7383	1	28	3	2006	34	M	1	7	2	9	 	BE	1	 	 	 	 	 	 	 	 	 	 	 	 	 	 	 	 	 	 	 	 	 	Y	150	 	 	 	 	N	2	4	 	 	0.8324	2	160
BE	132	7384	1	27	3	2006	58	F	3	 	1	6	 	BE	1	 	 	 	 	 	 	 	 	 	 	 	 	 	 	 	 	 	 	 	 	 	N	 	 	 	 	 	N	2	2	 	 	1.0573	1	4
BE	133	7385	1	1	4	2006	68	M	2	 	4	12	 	BE	2	66	 	 	 	 	 	 	 	 	 	 	 	 	 	 	 	 	 	 	 	 	N	 	 	 	 	 	N	2	1	 	 	1.4922	6	7
BE	134	7386	1	3	4	2006	39	F	4	 	7	15	 	BE	2	11	 	 	 	 	 	 	 	 	 	 	 	 	 	 	 	 	 	 	 	 	Y	3	 	 	 	 	N	1	1	 	 	1.1112	1	9
BE	135	7387	1	29	3	2006	19	M	6	 	2	9	 	BE	4	13	47	48	 	 	 	 	 	 	 	 	 	 	 	 	 	 	 	 	 	 	N	 	 	 	 	 	N	2	2	 	 	0.5178	3	2
BE	136	7388	3	26	3	2006	2	M	1	7	7	15	 	EU	4	0	35	49	 	 	 	 	 	 	 	 	 	 	 	 	 	 	 	 	 	 	 	 	N	 	1	BE	N	3	4	 	 	0.8495	0	7
BE	137	7389	1	3	4	2006	56	F	1	7	7	15	 	BE	3	22	58	 	 	 	 	 	 	 	 	 	 	 	 	 	 	 	 	 	 	 	Y	40	 	 	 	 	N	1	1	 	 	1.0135	1	53
BE	138	7390	1	31	3	2006	41	F	6	 	3	12	 	BE	3	11	39	 	 	 	 	 	 	 	 	 	 	 	 	 	 	 	 	 	 	 	Y	40	 	 	 	 	N	3	1	 	 	0.87	5	55
BE	139	7391	1	23	3	2006	27	F	6	 	3	12	 	EU	3	0	31	 	 	 	 	 	 	 	 	 	 	 	 	 	 	 	 	 	 	 	Y	 	 	 	 	 	N	3	1	 	 	1.007	4	2
BE	140	7392	1	27	3	2006	23	F	1	7	7	15	 	BE	3	19	45	 	 	 	 	 	 	 	 	 	 	 	 	 	 	 	 	 	 	 	N	 	 	 	 	 	N	2	1	 	 	0.9039	1	12
BE	141	7393	1	5	4	2006	40	F	1	6	7	15	 	BE	4	13	15	42	 	 	 	 	 	 	 	 	 	 	 	 	 	 	 	 	 	 	Y	30	 	 	 	 	Y	1	4	 	 	1.6599	5	47
BE	142	7394	1	4	4	2006	60	M	1	7	3	12	 	BE	2	58	 	 	 	 	 	 	 	 	 	 	 	 	 	 	 	 	 	 	 	 	Y	200	 	 	 	 	N	1	4	 	 	0.7616	2	204
BE	143	7395	1	27	3	2006	37	F	1	7	7	15	 	BE	4	2	4	37	 	 	 	 	 	 	 	 	 	 	 	 	 	 	 	 	 	 	Y	 	 	 	 	 	N	2	1	 	 	1.2112	1	42
BE	144	7396	1	28	3	2006	30	M	1	5	3	12	 	BE	2	30	 	 	 	 	 	 	 	 	 	 	 	 	 	 	 	 	 	 	 	 	Y	40	 	 	 	 	N	2	1	 	 	1.6533	2	47
BE	145	7397	2	24	3	2006	16	F	5	 	 	 	10	BE	4	18	44	50	 	 	 	 	 	 	 	 	 	 	 	 	 	 	 	 	 	20	N	 	 	 	 	 	N	1	1	 	 	0.5178	5	55
BE	146	7398	3	26	3	2006	3	F	1	7	7	15	 	BE	4	5	34	34	 	 	 	 	 	 	 	 	 	 	 	 	 	 	 	 	 	 	 	 	Y	3	1	BE	Y	2	4	 	 	0.8495	0	8
BE	147	7399	1	20	3	2006	59	F	1	5	7	15	 	BE	5	90	60	35	30	 	 	 	 	 	 	 	 	 	 	 	 	 	 	 	 	 	Y	50	 	 	 	 	N	1	4	 	 	0.6442	1	80
BE	148	7400	1	22	3	2006	51	F	1	6	7	15	 	BE	3	16	23	 	 	 	 	 	 	 	 	 	 	 	 	 	 	 	 	 	 	 	N	 	 	 	 	 	N	3	1	 	 	0.8367	3	7
BE	149	7401	2	23	3	2006	17	F	5	 	 	 	11	BE	4	20	43	48	 	 	 	 	 	 	 	 	 	 	 	 	 	 	 	 	 	28	N	 	 	 	 	 	N	1	2	 	 	0.5178	4	28
BE	150	7402	1	23	3	2006	47	M	1	7	7	15	 	BE	3	17	46	 	 	 	 	 	 	 	 	 	 	 	 	 	 	 	 	 	 	 	Y	20	 	 	 	 	N	2	2	 	 	0.8875	4	18
BE	151	7403	1	9	4	2006	41	F	1	8	2	9	 	BE	2	78	 	 	 	 	 	 	 	 	 	 	 	 	 	 	 	 	 	 	 	 	N	 	 	 	 	 	N	2	2	 	 	2.1507	0	2
BE	152	7404	1	2	4	2006	19	M	5	 	3	12	 	BE	5	22	25	50	55	 	 	 	 	 	 	 	 	 	 	 	 	 	 	 	 	 	Y	40	 	 	 	 	N	2	2	 	 	0.6122	0	27
BE	153	7405	1	4	4	2006	32	F	1	7	7	15	 	BE	3	2	32	 	 	 	 	 	 	 	 	 	 	 	 	 	 	 	 	 	 	 	Y	30	 	 	 	 	N	2	2	 	 	0.7721	2	40
BE	154	7406	3	11	4	2006	1	F	1	7	7	15	 	BE	4	3	33	37	 	 	 	 	 	 	 	 	 	 	 	 	 	 	 	 	 	 	 	 	Y	1	1	BE	N	2	1	 	 	0.8495	2	9
BE	155	7407	1	24	3	2006	18	F	5	 	3	12	 	BE	4	21	46	47	 	 	 	 	 	 	 	 	 	 	 	 	 	 	 	 	 	 	N	 	 	 	 	 	N	2	4	 	 	0.5178	5	21
BE	156	7408	1	21	4	2006	35	F	3	 	4	12	 	BE	5	5	7	12	37	 	 	 	 	 	 	 	 	 	 	 	 	 	 	 	 	 	N	 	 	 	 	 	N	2	1	 	 	1.3126	5	4
BE	157	7409	1	21	4	2006	69	F	2	 	3	12	 	BE	2	67	 	 	 	 	 	 	 	 	 	 	 	 	 	 	 	 	 	 	 	 	Y	40	 	 	 	 	N	2	1	 	 	1.4922	5	45
BE	158	7410	1	26	3	2006	22	F	5	 	7	15	 	BE	4	21	48	50	 	 	 	 	 	 	 	 	 	 	 	 	 	 	 	 	 	 	Y	10	 	 	 	 	N	2	1	 	 	0.6037	0	11
BE	159	7411	1	22	3	2006	45	M	1	6	7	15	 	BE	3	12	41	 	 	 	 	 	 	 	 	 	 	 	 	 	 	 	 	 	 	 	Y	10	 	 	 	 	N	1	1	 	 	0.8875	3	11
BE	160	7412	1	21	3	2006	54	F	1	7	3	12	 	BE	4	24	29	57	 	 	 	 	 	 	 	 	 	 	 	 	 	 	 	 	 	 	Y	15	 	 	 	 	N	3	4	 	 	0.6693	2	5
BE	161	7413	1	5	4	2006	27	F	1	7	7	15	 	BE	1	 	 	 	 	 	 	 	 	 	 	 	 	 	 	 	 	 	 	 	 	 	Y	20	 	 	 	 	N	2	2	 	 	0.6592	3	4
BE	162	7414	1	30	3	2006	26	M	4	 	2	9	 	BE	1	 	 	 	 	 	 	 	 	 	 	 	 	 	 	 	 	 	 	 	 	 	N	 	 	 	 	 	N	2	2	 	 	0.6592	4	2
BE	163	7415	1	31	3	2006	42	F	1	7	7	15	 	BE	4	11	15	46	 	 	 	 	 	 	 	 	 	 	 	 	 	 	 	 	 	 	Y	 	 	 	 	 	N	2	1	 	 	1.6599	5	14
BE	164	7416	1	28	3	2006	63	F	3	 	2	9	 	BE	2	66	 	 	 	 	 	 	 	 	 	 	 	 	 	 	 	 	 	 	 	 	N	 	 	 	 	 	N	1	1	 	 	0.7616	2	3
BE	165	7417	1	31	3	2006	57	F	2	 	7	15	 	BE	4	27	32	58	 	 	 	 	 	 	 	 	 	 	 	 	 	 	 	 	 	 	N	 	 	 	 	 	N	2	2	 	 	0.5455	5	20
BE	170	7418	1	24	3	2006	50	F	1	5	4	12	 	BE	3	25	49	 	 	 	 	 	 	 	 	 	 	 	 	 	 	 	 	 	 	 	Y	25	 	 	 	 	N	2	2	 	 	0.8367	5	32
BE	190	7419	1	25	3	2006	24	F	1	7	7	15	 	EU	2	27	 	 	 	 	 	 	 	 	 	 	 	 	 	 	 	 	 	 	 	 	N	 	 	 	 	 	N	2	1	 	 	1.7051	6	5
BE	195	7420	1	13	4	2006	49	M	1	8	4	12	 	BE	3	22	50	 	 	 	 	 	 	 	 	 	 	 	 	 	 	 	 	 	 	 	Y	15	 	 	 	 	N	2	1	 	 	0.8875	4	6
BE	199	7421	1	31	3	2006	23	M	1	7	3	12	 	BE	3	 	 	 	 	 	 	 	 	 	 	 	 	 	 	 	 	 	 	 	 	 	N	 	 	 	 	 	N	1	2	 	 	0.9039	5	10
BE	205	7422	1	27	3	2006	69	M	2	 	4	12	 	BE	2	69	 	 	 	 	 	 	 	 	 	 	 	 	 	 	 	 	 	 	 	 	N	 	 	 	 	 	N	2	1	 	 	1.4922	1	1
BE	206	7423	1	27	3	2006	51	F	3	 	2	9	 	BE	3	24	54	 	 	 	 	 	 	 	 	 	 	 	 	 	 	 	 	 	 	 	N	 	 	 	 	 	N	2	1	 	 	0.8367	1	7
BE	207	7424	1	27	3	2006	58	M	1	8	1	6	 	BE	2	59	 	 	 	 	 	 	 	 	 	 	 	 	 	 	 	 	 	 	 	 	Y	15	 	 	 	 	N	2	2	 	 	0.9522	1	11
BE	208	7425	1	27	3	2006	21	M	5	 	7	15	 	BE	5	19	23	45	47	 	 	 	 	 	 	 	 	 	 	 	 	 	 	 	 	 	Y	30	 	 	 	 	N	2	2	 	 	1.1636	1	45
BE	209	7426	1	26	3	2006	44	F	1	7	3	12	 	BE	4	11	13	43	 	 	 	 	 	 	 	 	 	 	 	 	 	 	 	 	 	 	Y	40	 	 	 	 	N	2	1	 	 	1.6599	0	7
BE	210	7427	1	26	3	2006	58	M	2	 	2	9	 	BE	2	53	 	 	 	 	 	 	 	 	 	 	 	 	 	 	 	 	 	 	 	 	N	 	 	 	 	 	N	2	4	 	 	0.9522	0	9
BE	211	7428	1	27	3	2006	56	M	4	 	3	12	 	BE	3	19	52	 	 	 	 	 	 	 	 	 	 	 	 	 	 	 	 	 	 	 	N	 	 	 	 	 	N	2	3	 	 	1.0135	1	6
BE	212	7429	1	22	3	2006	20	F	5	 	3	12	 	BE	4	17	42	47	 	 	 	 	 	 	 	 	 	 	 	 	 	 	 	 	 	 	Y	35	 	 	 	 	N	2	4	 	 	0.6037	3	71
BE	213	7430	1	27	3	2006	22	F	5	 	7	15	 	BE	3	54	55	 	 	 	 	 	 	 	 	 	 	 	 	 	 	 	 	 	 	 	Y	25	 	 	 	 	N	2	1	 	 	0.9039	1	27
BE	215	7431	1	27	3	2006	32	F	4	 	7	15	 	BE	5	2	4	6	36	 	 	 	 	 	 	 	 	 	 	 	 	 	 	 	 	 	N	 	 	 	 	 	N	3	2	 	 	1.2399	1	10
BE	217	7432	1	31	3	2006	69	F	2	 	3	12	 	BE	2	70	 	 	 	 	 	 	 	 	 	 	 	 	 	 	 	 	 	 	 	 	N	 	 	 	 	 	Y	2	2	 	 	1.4922	5	6
BE	218	7433	1	28	3	2006	50	F	1	7	7	15	 	BE	2	58	 	 	 	 	 	 	 	 	 	 	 	 	 	 	 	 	 	 	 	 	Y	10	 	 	 	 	N	1	2	 	 	1.0549	2	15
BE	220	7434	1	26	3	2006	27	M	1	7	4	12	 	BE	4	1	3	29	 	 	 	 	 	 	 	 	 	 	 	 	 	 	 	 	 	 	Y	15	 	 	 	 	N	1	1	 	 	4.026	0	9
BE	221	7435	1	27	3	2006	63	M	2	 	7	15	 	BE	1	 	 	 	 	 	 	 	 	 	 	 	 	 	 	 	 	 	 	 	 	 	N	 	 	 	 	 	N	3	1	 	 	0.882	1	10
BE	222	7436	1	27	3	2006	26	F	6	 	2	9	 	EU	5	3	22	55	57	 	 	 	 	 	 	 	 	 	 	 	 	 	 	 	 	 	N	 	 	 	 	 	N	1	1	 	 	1.3812	1	10
BE	223	7437	1	23	3	2006	22	M	5	 	3	12	 	BE	3	47	52	 	 	 	 	 	 	 	 	 	 	 	 	 	 	 	 	 	 	 	N	 	 	 	 	 	N	2	3	 	 	0.9039	4	34
BE	224	7438	1	30	3	2006	56	F	6	 	0	0	 	BE	9	3	3	7	19	19	23	36	49	 	 	 	 	 	 	 	 	 	 	 	 	 	Y	 	 	 	 	 	N	2	1	 	 	0.6442	4	5
BE	226	7439	1	29	3	2006	46	F	1	7	2	9	 	BE	2	19	 	 	 	 	 	 	 	 	 	 	 	 	 	 	 	 	 	 	 	 	Y	40	 	 	 	 	N	2	1	 	 	1.7036	3	55
BE	227	7440	1	31	3	2006	37	F	1	7	3	12	 	BE	4	9	12	41	 	 	 	 	 	 	 	 	 	 	 	 	 	 	 	 	 	 	Y	20	 	 	 	 	N	2	2	 	 	1.2112	5	10
BE	228	7441	1	2	4	2006	54	F	4	 	2	9	 	BE	2	19	 	 	 	 	 	 	 	 	 	 	 	 	 	 	 	 	 	 	 	 	N	 	 	 	 	 	N	2	1	 	 	1.0549	0	1
BE	229	7442	1	26	3	2006	60	F	2	 	4	12	 	BE	2	62	 	 	 	 	 	 	 	 	 	 	 	 	 	 	 	 	 	 	 	 	N	 	 	 	 	 	N	1	1	 	 	0.7616	0	11
BE	230	7443	1	26	3	2006	53	F	1	7	2	9	 	BE	3	33	60	 	 	 	 	 	 	 	 	 	 	 	 	 	 	 	 	 	 	 	Y	50	 	 	 	 	N	1	1	 	 	0.8367	0	3
BE	231	7444	1	1	4	2006	52	F	3	 	3	12	 	BE	3	21	55	 	 	 	 	 	 	 	 	 	 	 	 	 	 	 	 	 	 	 	N	 	 	 	 	 	N	2	1	 	 	0.8367	6	3
BE	233	7445	1	31	3	2006	18	F	5	 	3	12	 	BE	5	20	22	47	47	 	 	 	 	 	 	 	 	 	 	 	 	 	 	 	 	 	N	 	 	 	 	 	N	1	2	 	 	0.6122	5	18
BE	235	7446	1	28	3	2006	60	F	3	 	2	9	 	BE	2	63	 	 	 	 	 	 	 	 	 	 	 	 	 	 	 	 	 	 	 	 	N	 	 	 	 	 	N	3	1	 	 	0.7616	2	19
BE	236	7447	1	29	3	2006	50	M	6	 	2	9	 	BE	2	51	 	 	 	 	 	 	 	 	 	 	 	 	 	 	 	 	 	 	 	 	N	 	 	 	 	 	N	2	1	 	 	1.0549	3	2
BE	237	7448	1	31	3	2006	61	F	2	 	7	15	 	BE	4	28	32	60	 	 	 	 	 	 	 	 	 	 	 	 	 	 	 	 	 	 	N	 	 	 	 	 	N	2	1	 	 	0.7628	5	4
BE	238	7449	1	30	3	2006	23	F	4	 	4	12	 	BE	6	24	25	35	53	58	 	 	 	 	 	 	 	 	 	 	 	 	 	 	 	 	Y	20	 	 	 	 	N	1	2	 	 	1.1636	4	27
BE	243	7450	1	30	3	2006	24	F	4	 	7	15	 	BE	3	46	50	 	 	 	 	 	 	 	 	 	 	 	 	 	 	 	 	 	 	 	N	 	 	 	 	 	N	2	3	 	 	0.9039	4	18
BE	244	7451	1	30	3	2006	52	M	4	 	1	6	 	BE	2	50	 	 	 	 	 	 	 	 	 	 	 	 	 	 	 	 	 	 	 	 	N	 	 	 	 	 	N	1	2	 	 	1.0549	4	22
BE	245	7452	1	31	3	2006	20	M	5	 	3	12	 	BE	4	31	43	44	 	 	 	 	 	 	 	 	 	 	 	 	 	 	 	 	 	 	N	 	 	 	 	 	N	1	3	 	 	0.6037	5	40
BE	246	7453	1	30	3	2006	43	M	1	8	2	9	 	BE	3	14	40	 	 	 	 	 	 	 	 	 	 	 	 	 	 	 	 	 	 	 	Y	35	 	 	 	 	N	2	2	 	 	0.87	4	39
BE	248	7454	1	31	3	2006	23	M	1	8	3	12	 	BE	4	16	43	47	 	 	 	 	 	 	 	 	 	 	 	 	 	 	 	 	 	 	N	 	 	 	 	 	N	2	2	 	 	0.6037	5	4
BE	249	7455	1	30	3	2006	32	F	1	7	7	15	 	BE	5	1	3	6	33	 	 	 	 	 	 	 	 	 	 	 	 	 	 	 	 	 	Y	10	 	 	 	 	N	1	2	 	 	1.2399	4	32
BE	250	7456	1	1	4	2006	58	F	2	 	3	12	 	BE	2	61	 	 	 	 	 	 	 	 	 	 	 	 	 	 	 	 	 	 	 	 	N	 	 	 	 	 	N	2	1	 	 	0.9522	6	15
BE	251	7457	1	27	3	2006	21	M	4	 	7	15	 	BE	4	20	50	51	 	 	 	 	 	 	 	 	 	 	 	 	 	 	 	 	 	 	Y	10	 	 	 	 	N	1	1	 	 	0.6037	1	10
BE	252	7458	1	29	3	2006	18	F	5	 	3	12	 	BE	5	13	14	44	45	 	 	 	 	 	 	 	 	 	 	 	 	 	 	 	 	 	Y	 	 	 	 	 	N	2	2	 	 	0.6122	3	20
BE	253	7459	1	2	4	2006	55	F	1	7	7	15	 	BE	2	58	 	 	 	 	 	 	 	 	 	 	 	 	 	 	 	 	 	 	 	 	Y	50	 	 	 	 	N	2	1	 	 	0.9522	0	8
BE	254	7460	1	31	3	2006	55	F	3	 	4	12	 	BE	1	 	 	 	 	 	 	 	 	 	 	 	 	 	 	 	 	 	 	 	 	 	N	 	 	 	 	 	N	1	1	 	 	1.0573	5	7
BE	255	7461	1	30	3	2006	57	F	3	 	1	6	 	BE	2	60	 	 	 	 	 	 	 	 	 	 	 	 	 	 	 	 	 	 	 	 	N	 	 	 	 	 	N	2	1	 	 	0.9522	4	11
BE	256	7462	1	29	3	2006	18	F	5	 	3	12	 	BE	3	43	45	 	 	 	 	 	 	 	 	 	 	 	 	 	 	 	 	 	 	 	N	 	 	 	 	 	N	1	4	 	 	0.5641	3	13
BE	257	7463	1	3	4	2006	19	M	5	 	3	12	 	BE	4	16	48	48	 	 	 	 	 	 	 	 	 	 	 	 	 	 	 	 	 	 	N	 	 	 	 	 	N	3	2	 	 	0.5178	1	15
BE	258	7464	1	31	3	2006	45	F	1	7	4	12	 	BE	3	15	46	 	 	 	 	 	 	 	 	 	 	 	 	 	 	 	 	 	 	 	Y	8	 	 	 	 	N	1	1	 	 	0.8875	5	15
BE	259	7465	1	31	3	2006	59	M	2	 	3	12	 	BE	2	58	 	 	 	 	 	 	 	 	 	 	 	 	 	 	 	 	 	 	 	 	N	 	 	 	 	 	N	2	1	 	 	0.9522	5	13
BE	260	7466	1	30	3	2006	54	M	2	 	4	12	 	BE	4	22	25	52	 	 	 	 	 	 	 	 	 	 	 	 	 	 	 	 	 	 	N	 	 	 	 	 	N	2	2	 	 	0.6693	4	10
BE	263	7467	1	29	3	2006	23	M	1	8	3	12	 	BE	3	53	55	 	 	 	 	 	 	 	 	 	 	 	 	 	 	 	 	 	 	 	N	 	 	 	 	 	N	2	1	 	 	0.9039	3	23
BE	265	7468	1	1	4	2006	69	F	2	 	2	9	 	BE	2	74	 	 	 	 	 	 	 	 	 	 	 	 	 	 	 	 	 	 	 	 	N	 	 	 	 	 	N	1	1	 	 	1.4922	6	10
BE	266	7469	1	29	3	2006	63	M	1	5	3	12	 	BE	2	64	 	 	 	 	 	 	 	 	 	 	 	 	 	 	 	 	 	 	 	 	Y	2	 	 	 	 	N	2	1	 	 	0.7616	3	5
BE	268	7470	1	29	3	2006	45	M	2	 	7	15	 	BE	4	15	18	45	 	 	 	 	 	 	 	 	 	 	 	 	 	 	 	 	 	 	N	 	 	 	 	 	N	3	1	 	 	1.0063	3	13
BE	269	7471	1	29	3	2006	69	F	2	 	7	15	 	BE	1	 	 	 	 	 	 	 	 	 	 	 	 	 	 	 	 	 	 	 	 	 	N	 	 	 	 	 	N	2	1	 	 	1.0388	3	8
BE	270	7472	1	1	4	2006	53	M	1	5	7	15	 	BE	3	20	53	 	 	 	 	 	 	 	 	 	 	 	 	 	 	 	 	 	 	 	Y	12	 	 	 	 	N	3	1	 	 	0.8367	6	2
BE	271	7473	1	30	3	2006	31	M	1	7	7	15	 	BE	2	30	 	 	 	 	 	 	 	 	 	 	 	 	 	 	 	 	 	 	 	 	Y	 	 	 	 	 	Y	1	1	 	 	1.6533	4	14
BE	272	7474	1	1	4	2006	47	F	1	7	7	15	 	BE	6	18	18	20	23	50	 	 	 	 	 	 	 	 	 	 	 	 	 	 	 	 	Y	40	 	 	 	 	N	3	1	 	 	1.0331	6	13
BE	273	7475	2	25	3	2006	13	F	5	 	 	 	7	BE	4	16	41	41	 	 	 	 	 	 	 	 	 	 	 	 	 	 	 	 	 	21	N	 	 	 	 	 	N	1	2	 	 	0.5116	6	17
BE	274	7476	2	25	3	2006	13	F	5	 	 	 	7	BE	4	10	41	42	 	 	 	 	 	 	 	 	 	 	 	 	 	 	 	 	 	21	N	 	 	 	 	 	N	2	1	 	 	0.5116	6	5
BE	275	7477	2	27	3	2006	16	F	5	 	 	 	10	BE	4	13	42	46	 	 	 	 	 	 	 	 	 	 	 	 	 	 	 	 	 	25	N	 	 	 	 	 	N	1	1	 	 	0.5178	1	26
BE	276	7478	2	30	3	2006	14	M	5	 	 	 	8	BE	4	13	38	41	 	 	 	 	 	 	 	 	 	 	 	 	 	 	 	 	 	20	N	 	 	 	 	 	N	1	1	 	 	0.5116	4	5
BE	277	7479	2	27	3	2006	17	M	5	 	 	 	11	BE	4	19	47	47	 	 	 	 	 	 	 	 	 	 	 	 	 	 	 	 	 	20	N	 	 	 	 	 	N	2	2	 	 	0.5178	1	8
BE	278	7480	2	1	4	2006	12	M	5	 	 	 	6	BE	5	15	18	45	47	 	 	 	 	 	 	 	 	 	 	 	 	 	 	 	 	22	Y	45	 	 	 	 	N	2	3	 	 	1.0819	6	14
BE	279	7481	2	31	3	2006	11	M	5	 	0	0	5	BE	4	7	39	41	 	 	 	 	 	 	 	 	 	 	 	 	 	 	 	 	 	29	N	 	 	 	 	 	N	2	4	 	 	0.5116	5	34
BE	280	7482	2	30	3	2006	11	F	5	 	 	 	5	BE	4	7	38	38	 	 	 	 	 	 	 	 	 	 	 	 	 	 	 	 	 	22	N	 	 	 	 	 	N	2	2	 	 	0.5116	4	20
BE	281	7483	2	31	3	2006	15	F	5	 	 	 	9	BE	6	11	14	17	48	51	 	 	 	 	 	 	 	 	 	 	 	 	 	 	 	21	N	 	 	 	 	 	Y	1	2	 	 	0.6122	5	58
BE	282	7484	2	27	3	2006	15	F	5	 	 	 	9	BE	4	13	40	44	 	 	 	 	 	 	 	 	 	 	 	 	 	 	 	 	 	24	N	 	 	 	 	 	N	2	1	 	 	0.5178	1	10
BE	285	7485	2	29	3	2006	15	F	5	 	 	 	9	BE	3	47	52	 	 	 	 	 	 	 	 	 	 	 	 	 	 	 	 	 	 	25	Y	28	 	 	 	 	N	1	1	 	 	0.5641	3	39
BE	287	7486	2	2	4	2006	10	F	5	 	 	 	4	BE	4	9	38	38	 	 	 	 	 	 	 	 	 	 	 	 	 	 	 	 	 	28	N	 	 	 	 	 	N	2	3	 	 	0.5116	0	7
BE	288	7487	2	30	3	2006	17	M	5	 	 	 	11	BE	3	19	46	 	 	 	 	 	 	 	 	 	 	 	 	 	 	 	 	 	 	18	Y	30	 	 	 	 	N	2	2	 	 	0.5641	4	40
BE	289	7488	2	2	4	2006	9	F	5	 	 	 	3	BE	4	15	42	43	 	 	 	 	 	 	 	 	 	 	 	 	 	 	 	 	 	30	N	 	 	 	 	 	N	2	1	 	 	0.4368	0	5
BE	290	7489	2	1	4	2006	9	M	5	 	 	 	3	BE	3	35	41	 	 	 	 	 	 	 	 	 	 	 	 	 	 	 	 	 	 	19	N	 	 	 	 	 	N	2	2	 	 	0.3243	6	19
BE	291	7490	2	5	4	2006	16	F	5	 	 	 	10	BE	4	23	48	51	 	 	 	 	 	 	 	 	 	 	 	 	 	 	 	 	 	21	N	 	 	 	 	 	N	1	1	 	 	0.5178	3	5
BE	293	7491	2	26	3	2006	17	M	5	 	 	 	11	BE	4	19	23	46	 	 	 	 	 	 	 	 	 	 	 	 	 	 	 	 	 	23	Y	25	 	 	 	 	N	1	1	 	 	0.5178	0	4
BE	295	7492	2	31	3	2006	15	F	5	 	 	 	9	BE	5	21	23	46	46	 	 	 	 	 	 	 	 	 	 	 	 	 	 	 	 	21	N	 	 	 	 	 	N	2	1	 	 	0.6122	5	5
BE	297	7493	2	30	3	2006	11	F	5	 	 	 	5	BE	4	10	38	43	 	 	 	 	 	 	 	 	 	 	 	 	 	 	 	 	 	26	N	 	 	 	 	 	N	2	2	 	 	0.5116	4	20
BE	298	7494	2	31	3	2006	15	F	5	 	 	 	9	BE	5	22	23	50	51	 	 	 	 	 	 	 	 	 	 	 	 	 	 	 	 	24	N	 	 	 	 	 	N	1	2	 	 	0.6122	5	22
BE	300	7495	2	31	3	2006	18	M	5	 	 	 	12	BE	5	16	20	48	49	 	 	 	 	 	 	 	 	 	 	 	 	 	 	 	 	20	Y	50	 	 	 	 	N	2	3	 	 	0.6122	5	100
BE	301	7496	2	31	3	2006	16	F	5	 	 	 	10	BE	5	11	13	43	44	 	 	 	 	 	 	 	 	 	 	 	 	 	 	 	 	20	Y	50	 	 	 	 	N	2	1	 	 	0.6122	5	97
BE	302	7497	2	3	4	2006	15	M	5	 	 	 	9	BE	3	22	48	 	 	 	 	 	 	 	 	 	 	 	 	 	 	 	 	 	 	18	N	 	 	 	 	 	N	2	1	 	 	0.5641	1	5
BE	306	7498	2	30	3	2006	9	M	5	 	 	 	3	BE	4	11	37	38	 	 	 	 	 	 	 	 	 	 	 	 	 	 	 	 	 	26	N	 	 	 	 	 	N	2	2	 	 	0.4368	4	14
BE	307	7499	2	1	4	2006	15	M	5	 	 	 	9	BE	3	17	53	 	 	 	 	 	 	 	 	 	 	 	 	 	 	 	 	 	 	 	N	 	 	 	 	 	N	2	3	 	 	0.5641	6	15
BE	308	7500	2	31	3	2006	12	F	5	 	 	 	6	BE	4	16	42	44	 	 	 	 	 	 	 	 	 	 	 	 	 	 	 	 	 	23	Y	50	 	 	 	 	N	1	2	 	 	0.5116	5	69
BE	310	7501	2	1	4	2006	16	F	5	 	 	 	10	BE	3	44	47	 	 	 	 	 	 	 	 	 	 	 	 	 	 	 	 	 	 	14	N	 	 	 	 	 	N	2	2	 	 	0.5641	6	20
BE	311	7502	2	31	3	2006	13	F	5	 	 	 	7	BE	4	17	36	38	 	 	 	 	 	 	 	 	 	 	 	 	 	 	 	 	 	18	N	 	 	 	 	 	N	1	2	 	 	0.5116	5	24
BE	312	7503	2	3	4	2006	13	F	5	 	 	 	7	BE	6	16	19	21	44	46	 	 	 	 	 	 	 	 	 	 	 	 	 	 	 	16	N	 	 	 	 	 	N	1	2	 	 	1.0819	1	12
BE	314	7504	2	4	4	2006	6	M	5	 	 	 	0	BE	4	38	36	10	 	 	 	 	 	 	 	 	 	 	 	 	 	 	 	 	 	15	N	 	 	 	 	 	N	2	1	 	 	0.4368	2	13
BE	315	7505	2	31	3	2006	13	M	5	 	 	 	7	BE	5	15	18	47	49	 	 	 	 	 	 	 	 	 	 	 	 	 	 	 	 	19	Y	30	 	 	 	 	Y	2	4	 	 	1.0819	5	59
BE	316	7506	2	3	4	2006	11	F	5	 	 	 	5	BE	5	9	13	40	43	 	 	 	 	 	 	 	 	 	 	 	 	 	 	 	 	17	N	 	 	 	 	 	N	2	2	 	 	1.0819	1	13
BE	317	7507	2	2	4	2006	10	M	5	 	 	 	4	BE	5	12	14	42	42	 	 	 	 	 	 	 	 	 	 	 	 	 	 	 	 	26	N	 	 	 	 	 	N	2	1	 	 	1.0819	0	6
BE	320	7508	2	4	4	2006	14	F	5	 	 	 	8	BE	4	11	43	43	 	 	 	 	 	 	 	 	 	 	 	 	 	 	 	 	 	24	N	 	 	 	 	 	N	2	1	 	 	0.5116	2	6
BE	321	7509	2	1	4	2006	12	F	5	 	 	 	6	BE	5	16	20	43	46	 	 	 	 	 	 	 	 	 	 	 	 	 	 	 	 	23	N	 	 	 	 	 	N	2	2	 	 	1.0819	6	32
BE	323	7510	2	3	4	2006	12	M	5	 	 	 	6	BE	3	45	51	 	 	 	 	 	 	 	 	 	 	 	 	 	 	 	 	 	 	25	N	 	 	 	 	 	N	2	3	 	 	0.6754	1	13
BE	324	7511	2	4	4	2006	13	M	5	 	 	 	7	BE	6	2	20	22	37	60	 	 	 	 	 	 	 	 	 	 	 	 	 	 	 	9	N	 	 	 	 	 	N	1	2	 	 	1.0819	2	15
BE	327	7512	2	3	4	2006	17	M	5	 	 	 	11	BE	4	19	43	45	 	 	 	 	 	 	 	 	 	 	 	 	 	 	 	 	 	21	N	 	 	 	 	 	N	2	2	 	 	0.5178	1	6
BE	328	7513	2	29	3	2006	14	F	5	 	 	 	8	BE	4	11	42	42	 	 	 	 	 	 	 	 	 	 	 	 	 	 	 	 	 	16	Y	30	 	 	 	 	N	2	1	 	 	0.5116	3	59
BE	329	7514	2	1	4	2006	13	M	5	 	 	 	7	BE	4	10	38	40	 	 	 	 	 	 	 	 	 	 	 	 	 	 	 	 	 	20	N	 	 	 	 	 	N	2	1	 	 	0.5116	6	5
BE	330	7515	2	1	4	2006	9	F	5	 	 	 	3	BE	4	11	35	35	 	 	 	 	 	 	 	 	 	 	 	 	 	 	 	 	 	18	N	 	 	 	 	 	N	2	2	 	 	0.4368	6	12
BE	332	7516	2	4	4	2006	16	F	5	 	 	 	10	BE	5	20	22	46	47	 	 	 	 	 	 	 	 	 	 	 	 	 	 	 	 	25	N	 	 	 	 	 	N	1	1	 	 	0.6122	2	5
BE	334	7517	2	2	4	2006	11	M	5	 	 	 	5	BE	4	16	43	45	 	 	 	 	 	 	 	 	 	 	 	 	 	 	 	 	 	21	N	 	 	 	 	 	N	2	1	 	 	0.5116	0	8
BE	336	7518	2	4	4	2006	15	 	5	 	 	 	9	BE	5	13	16	41	42	 	 	 	 	 	 	 	 	 	 	 	 	 	 	 	 	13	N	 	 	 	 	 	N	2	2	 	 	0.6122	2	43
BE	338	7519	2	3	4	2006	12	F	5	 	 	 	6	BE	4	9	47	48	 	 	 	 	 	 	 	 	 	 	 	 	 	 	 	 	 	24	N	 	 	 	 	 	N	1	1	 	 	0.5116	1	47
BE	339	7520	2	4	4	2006	16	F	5	 	 	 	10	BE	3	39	41	 	 	 	 	 	 	 	 	 	 	 	 	 	 	 	 	 	 	19	N	 	 	 	 	 	N	2	2	 	 	0.5641	2	7
BE	340	7521	2	4	4	2006	13	F	5	 	 	 	7	BE	4	10	43	43	 	 	 	 	 	 	 	 	 	 	 	 	 	 	 	 	 	13	N	 	 	 	 	 	N	2	2	 	 	0.5116	2	8
BE	341	7522	2	4	4	2006	10	F	5	 	 	 	4	BE	2	45	 	 	 	 	 	 	 	 	 	 	 	 	 	 	 	 	 	 	 	24	N	 	 	 	 	 	N	1	2	 	 	0.3986	2	28
BE	342	7523	2	4	4	2006	16	M	5	 	 	 	10	BE	4	14	42	44	 	 	 	 	 	 	 	 	 	 	 	 	 	 	 	 	 	20	N	 	 	 	 	 	N	2	2	 	 	0.5178	2	6
BE	344	7524	2	2	4	2006	17	F	5	 	 	 	11	BE	4	20	42	44	 	 	 	 	 	 	 	 	 	 	 	 	 	 	 	 	 	19	N	 	 	 	 	 	N	2	2	 	 	0.5178	0	4
BE	345	7525	2	3	4	2006	16	M	5	 	 	 	10	BE	6	8	18	20	44	45	 	 	 	 	 	 	 	 	 	 	 	 	 	 	 	16	Y	30	 	 	 	 	N	1	1	 	 	0.6122	1	37
BE	346	7526	2	5	4	2006	15	M	5	 	 	 	9	BE	2	40	 	 	 	 	 	 	 	 	 	 	 	 	 	 	 	 	 	 	 	21	N	 	 	 	 	 	N	2	1	 	 	1.4672	3	6
BE	347	7527	2	3	4	2006	12	F	5	 	 	 	6	BE	4	10	39	43	 	 	 	 	 	 	 	 	 	 	 	 	 	 	 	 	 	17	N	 	 	 	 	 	N	1	1	 	 	0.5116	1	36
BE	348	7528	2	2	4	2006	15	F	5	 	 	 	9	BE	2	37	 	 	 	 	 	 	 	 	 	 	 	 	 	 	 	 	 	 	 	19	N	 	 	 	 	 	N	2	2	 	 	1.4672	0	4
BE	349	7529	2	2	4	2006	10	F	5	 	 	 	4	BE	5	1	2	38	38	 	 	 	 	 	 	 	 	 	 	 	 	 	 	 	 	14	N	 	 	 	 	 	N	1	1	 	 	1.0819	0	37
BE	350	7530	2	4	4	2006	20	M	5	 	 	 	14	BE	3	51	54	 	 	 	 	 	 	 	 	 	 	 	 	 	 	 	 	 	 	 	N	 	 	 	 	 	N	1	2	 	 	0.9039	2	10
BE	351	7531	2	3	4	2006	12	F	5	 	 	 	6	BE	3	33	41	 	 	 	 	 	 	 	 	 	 	 	 	 	 	 	 	 	 	19	N	 	 	 	 	 	N	2	1	 	 	0.6754	1	3
BE	353	7532	2	3	4	2006	13	F	5	 	 	 	7	BE	4	12	45	45	 	 	 	 	 	 	 	 	 	 	 	 	 	 	 	 	 	23	N	 	 	 	 	 	N	2	1	 	 	0.5116	1	24
BE	354	7533	2	5	4	2006	15	F	5	 	 	 	9	BE	4	13	39	40	 	 	 	 	 	 	 	 	 	 	 	 	 	 	 	 	 	23	N	 	 	 	 	 	N	2	3	 	 	0.5178	3	6
BE	355	7534	2	1	4	2006	13	F	5	 	 	 	7	BE	4	18	47	48	 	 	 	 	 	 	 	 	 	 	 	 	 	 	 	 	 	18	N	 	 	 	 	 	N	1	2	 	 	0.5116	6	16
BE	356	7535	2	31	3	2006	16	F	5	 	 	 	10	BE	4	14	40	42	 	 	 	 	 	 	 	 	 	 	 	 	 	 	 	 	 	20	N	 	 	 	 	 	N	2	3	 	 	0.5178	5	7
BE	357	7536	2	3	4	2006	11	M	5	 	 	 	5	BE	4	9	40	41	 	 	 	 	 	 	 	 	 	 	 	 	 	 	 	 	 	21	N	 	 	 	 	 	N	1	1	 	 	0.5116	1	15
BE	358	7537	2	7	4	2006	16	M	5	 	 	 	10	BE	3	14	41	 	 	 	 	 	 	 	 	 	 	 	 	 	 	 	 	 	 	17	N	 	 	 	 	 	N	2	1	 	 	0.5641	5	8
BE	359	7538	2	3	4	2006	10	F	5	 	 	 	4	BE	2	43	 	 	 	 	 	 	 	 	 	 	 	 	 	 	 	 	 	 	 	15	N	 	 	 	 	 	N	2	2	 	 	0.3986	1	8
BE	361	7539	2	4	4	2006	12	F	5	 	 	 	6	BE	4	14	37	40	 	 	 	 	 	 	 	 	 	 	 	 	 	 	 	 	 	25	N	 	 	 	 	 	N	1	1	 	 	0.5116	2	8
BE	363	7540	2	10	4	2006	11	F	5	 	 	 	5	BE	3	42	45	 	 	 	 	 	 	 	 	 	 	 	 	 	 	 	 	 	 	22	N	 	 	 	 	 	N	1	1	 	 	0.6754	1	5
BE	364	7541	2	7	4	2006	10	M	5	 	 	 	4	BE	4	8	34	37	 	 	 	 	 	 	 	 	 	 	 	 	 	 	 	 	 	21	N	 	 	 	 	 	N	2	2	 	 	0.5116	5	4
BE	365	7542	2	6	4	2006	17	M	5	 	 	 	11	BE	5	13	15	42	43	 	 	 	 	 	 	 	 	 	 	 	 	 	 	 	 	20	N	 	 	 	 	 	N	2	1	 	 	0.6122	4	8
BE	367	7543	2	6	4	2006	17	M	5	 	 	 	11	BE	5	15	27	50	51	 	 	 	 	 	 	 	 	 	 	 	 	 	 	 	 	14	N	 	 	 	 	 	N	2	1	 	 	0.6122	4	30
BE	369	7544	3	27	3	2006	2	F	1	7	7	15	 	BE	3	33	35	 	 	 	 	 	 	 	 	 	 	 	 	 	 	 	 	 	 	 	 	 	Y	1	2	BE	N	2	3	 	 	0.3006	1	8
BE	370	7545	3	27	3	2006	4	F	1	7	3	12	 	BE	3	34	40	 	 	 	 	 	 	 	 	 	 	 	 	 	 	 	 	 	 	 	 	 	Y	3	1	BE	N	2	1	 	 	0.3006	1	7
BE	371	7546	3	29	3	2006	7	M	1	7	2	9	 	BE	2	37	 	 	 	 	 	 	 	 	 	 	 	 	 	 	 	 	 	 	 	 	 	 	Y	3	1	BE	N	2	3	 	 	1.7766	3	9
BE	372	7547	3	24	3	2006	2	M	1	7	3	12	 	BE	2	32	 	 	 	 	 	 	 	 	 	 	 	 	 	 	 	 	 	 	 	 	 	 	Y	2	1	BE	Y	2	3	 	 	0.3798	5	19
BE	374	7548	3	31	3	2006	2	F	1	7	7	15	 	BE	3	1	27	 	 	 	 	 	 	 	 	 	 	 	 	 	 	 	 	 	 	 	 	 	N	 	2	BE	N	2	1	 	 	0.3006	5	4
BE	375	7549	3	30	3	2006	6	F	1	8	 	 	 	BE	4	3	33	42	 	 	 	 	 	 	 	 	 	 	 	 	 	 	 	 	 	 	 	 	Y	1	1	BE	N	1	1	 	 	0.4368	4	7
BE	376	7550	3	26	3	2006	3	M	1	5	7	15	 	BE	4	11	34	37	 	 	 	 	 	 	 	 	 	 	 	 	 	 	 	 	 	 	 	 	Y	3	2	BE	N	1	4	 	 	0.8495	0	5
BE	379	7551	3	4	4	2006	7	F	1	6	7	15	 	BE	4	8	38	40	 	 	 	 	 	 	 	 	 	 	 	 	 	 	 	 	 	 	 	 	Y	3	1	BE	N	2	2	 	 	0.4368	2	19
BE	380	7552	3	1	4	2006	8	F	1	7	7	15	 	BE	4	5	35	35	 	 	 	 	 	 	 	 	 	 	 	 	 	 	 	 	 	 	 	 	Y	3	1	BE	N	1	1	 	 	0.4368	6	4
BE	381	7553	3	2	4	2006	1	M	1	7	3	12	 	BE	3	30	31	 	 	 	 	 	 	 	 	 	 	 	 	 	 	 	 	 	 	 	 	 	Y	3	1	BE	N	1	1	 	 	0.3006	0	8
BE	382	7554	3	30	3	2006	0	M	1	7	7	15	 	BE	3	26	27	 	 	 	 	 	 	 	 	 	 	 	 	 	 	 	 	 	 	 	 	 	Y	2	1	BE	N	1	1	 	 	0.3006	4	7
BE	383	7555	3	1	4	2006	4	F	1	7	7	15	 	BE	5	0	2	29	29	 	 	 	 	 	 	 	 	 	 	 	 	 	 	 	 	 	 	 	Y	3	2	BE	N	3	4	 	 	1.032	6	7
BE	384	7556	3	1	4	2006	6	M	1	7	7	15	 	BE	4	11	43	46	 	 	 	 	 	 	 	 	 	 	 	 	 	 	 	 	 	 	 	 	Y	3	1	BE	N	2	3	 	 	0.4368	6	16
BE	385	7557	3	30	3	2006	5	F	4	 	2	9	 	BE	4	8	33	34	 	 	 	 	 	 	 	 	 	 	 	 	 	 	 	 	 	 	 	 	Y	3	2	BE	N	1	4	 	 	0.4368	4	31
BE	386	7558	3	31	3	2006	4	M	1	5	7	15	 	BE	4	1	27	32	 	 	 	 	 	 	 	 	 	 	 	 	 	 	 	 	 	 	 	 	Y	3	1	BE	N	3	3	 	 	0.8495	5	23
BE	387	7559	3	3	4	2006	7	M	6	 	7	15	 	BE	5	10	11	40	41	 	 	 	 	 	 	 	 	 	 	 	 	 	 	 	 	 	 	 	Y	2	1	BE	N	2	1	 	 	1.1573	1	6
BE	388	7560	3	31	3	2006	6	M	1	8	3	12	 	BE	5	4	8	35	49	 	 	 	 	 	 	 	 	 	 	 	 	 	 	 	 	 	 	 	Y	2	2	BE	N	2	3	 	 	1.1573	5	15
BE	389	7561	3	3	4	2006	3	M	1	8	7	15	 	BE	6	10	11	13	36	36	 	 	 	 	 	 	 	 	 	 	 	 	 	 	 	 	 	 	Y	2	1	BE	N	2	2	 	 	1.032	1	31
BE	390	7562	3	30	3	2006	7	M	1	7	7	15	 	BE	6	3	5	6	37	43	 	 	 	 	 	 	 	 	 	 	 	 	 	 	 	 	 	 	Y	3	2	BE	N	2	4	 	 	1.1573	4	27
BE	391	7563	3	4	4	2006	5	M	1	7	3	12	 	BE	4	5	36	44	 	 	 	 	 	 	 	 	 	 	 	 	 	 	 	 	 	 	 	 	Y	2	1	BE	N	2	4	 	 	0.4368	2	30
BE	393	7564	3	4	4	2006	8	F	1	7	3	12	 	BE	5	8	13	13	42	 	 	 	 	 	 	 	 	 	 	 	 	 	 	 	 	 	 	 	Y	3	1	BE	N	3	4	 	 	1.1573	2	8
BE	394	7565	3	4	4	2006	7	M	1	5	7	15	 	BE	4	5	34	37	 	 	 	 	 	 	 	 	 	 	 	 	 	 	 	 	 	 	 	 	Y	3	1	BE	N	2	1	 	 	0.4368	2	4
BE	395	7566	3	4	4	2006	2	M	1	7	3	12	 	BE	3	33	33	 	 	 	 	 	 	 	 	 	 	 	 	 	 	 	 	 	 	 	 	 	Y	1	1	BE	Y	2	1	 	 	0.3006	2	6
BE	396	7567	3	4	4	2006	1	F	1	5	7	15	 	BE	6	10	13	23	32	46	 	 	 	 	 	 	 	 	 	 	 	 	 	 	 	 	 	 	Y	1	1	BE	N	2	1	 	 	1.032	2	9
BE	399	7568	3	4	4	2006	3	M	1	7	3	12	 	BE	5	7	9	35	37	 	 	 	 	 	 	 	 	 	 	 	 	 	 	 	 	 	 	 	N	 	1	BE	N	2	1	 	 	1.032	2	7
BE	400	7569	3	2	4	2006	2	F	1	7	3	12	 	BE	6	8	9	11	40	43	 	 	 	 	 	 	 	 	 	 	 	 	 	 	 	 	 	 	N	 	1	BE	N	2	1	 	 	1.032	0	6
BE	402	7570	3	2	4	2006	3	M	4	 	7	15	 	BE	4	1	29	35	 	 	 	 	 	 	 	 	 	 	 	 	 	 	 	 	 	 	 	 	Y	3	1	BE	N	1	1	 	 	0.8495	0	3
BE	403	7571	3	4	4	2006	6	F	6	 	7	15	 	BE	4	5	36	39	 	 	 	 	 	 	 	 	 	 	 	 	 	 	 	 	 	 	 	 	Y	3	1	BE	N	1	4	 	 	0.4368	2	15
BE	404	7572	3	3	4	2006	5	M	3	 	7	15	 	BE	6	0	0	7	9	37	 	 	 	 	 	 	 	 	 	 	 	 	 	 	 	 	 	 	Y	3	1	BE	N	1	2	 	 	1.1573	1	29
BE	405	7573	3	1	4	2006	8	M	1	7	3	12	 	BE	3	46	45	 	 	 	 	 	 	 	 	 	 	 	 	 	 	 	 	 	 	 	 	 	Y	3	1	BE	N	2	4	 	 	0.3243	6	10
BE	406	7574	3	1	4	2006	6	F	1	6	7	15	 	BE	4	12	39	40	 	 	 	 	 	 	 	 	 	 	 	 	 	 	 	 	 	 	 	 	Y	3	1	BE	N	2	1	 	 	0.4368	6	5
BE	407	7575	3	4	4	2006	1	M	1	7	3	12	 	BE	3	25	32	 	 	 	 	 	 	 	 	 	 	 	 	 	 	 	 	 	 	 	 	 	Y	2	1	BE	N	2	1	 	 	0.3006	2	7
BE	408	7576	3	3	4	2006	2	F	6	 	7	15	 	BE	3	28	34	 	 	 	 	 	 	 	 	 	 	 	 	 	 	 	 	 	 	 	 	 	Y	3	1	BE	N	3	2	 	 	0.3006	1	11
BE	409	7577	3	4	4	2006	7	M	1	5	7	15	 	BE	6	0	4	6	36	35	 	 	 	 	 	 	 	 	 	 	 	 	 	 	 	 	 	 	Y	3	1	BE	N	3	2	 	 	1.1573	2	13
BE	410	7578	3	4	4	2006	2	M	1	8	3	12	 	BE	3	27	29	 	 	 	 	 	 	 	 	 	 	 	 	 	 	 	 	 	 	 	 	 	Y	1	1	BE	N	1	1	 	 	0.3006	2	10
BE	411	7579	3	3	3	2006	3	F	1	7	7	15	 	BE	4	1	28	34	 	 	 	 	 	 	 	 	 	 	 	 	 	 	 	 	 	 	 	 	Y	3	2	BE	N	2	1	 	 	0.8495	1	5
BE	412	7580	3	2	4	2006	3	M	1	7	7	15	 	BE	4	6	34	34	 	 	 	 	 	 	 	 	 	 	 	 	 	 	 	 	 	 	 	 	Y	3	1	BE	N	3	1	 	 	0.8495	0	9
BE	415	7581	3	4	4	2006	5	M	1	7	7	15	 	BE	5	1	3	31	34	 	 	 	 	 	 	 	 	 	 	 	 	 	 	 	 	 	 	 	Y	3	1	BE	N	2	2	 	 	1.1573	2	8
BE	416	7582	3	4	4	2006	5	M	1	5	3	12	 	BE	4	2	35	37	 	 	 	 	 	 	 	 	 	 	 	 	 	 	 	 	 	 	 	 	Y	3	1	BE	N	2	1	 	 	0.4368	2	13
BE	417	7583	3	1	4	2006	4	F	4	 	7	15	 	BE	4	11	38	42	 	 	 	 	 	 	 	 	 	 	 	 	 	 	 	 	 	 	 	 	Y	3	1	BE	N	2	2	 	 	0.8495	6	7
BE	418	7584	3	11	4	2006	3	F	1	7	7	15	 	BE	5	6	8	34	37	 	 	 	 	 	 	 	 	 	 	 	 	 	 	 	 	 	 	 	Y	3	2	BE	N	2	1	 	 	1.032	2	10
BE	419	7585	3	3	4	2006	1	M	1	7	3	12	 	BE	3	39	54	 	 	 	 	 	 	 	 	 	 	 	 	 	 	 	 	 	 	 	 	 	Y	1	1	BE	Y	2	1	 	 	0.3006	1	3
BE	420	7586	3	1	4	2006	4	F	1	7	7	15	 	BE	5	2	2	33	34	 	 	 	 	 	 	 	 	 	 	 	 	 	 	 	 	 	 	 	Y	2	1	BE	N	2	2	 	 	1.032	6	13
BE	421	7587	3	1	4	2006	4	F	1	7	7	15	 	BE	3	35	37	 	 	 	 	 	 	 	 	 	 	 	 	 	 	 	 	 	 	 	 	 	Y	3	1	BE	N	1	1	 	 	0.3006	6	8
BE	422	7588	3	4	4	2006	4	M	1	8	4	12	 	BE	4	5	29	40	 	 	 	 	 	 	 	 	 	 	 	 	 	 	 	 	 	 	 	 	Y	3	1	BE	N	2	1	 	 	0.8495	2	8
BE	423	7589	3	4	4	2006	2	M	1	7	7	15	 	BE	2	35	 	 	 	 	 	 	 	 	 	 	 	 	 	 	 	 	 	 	 	 	 	 	Y	2	1	BE	N	2	1	 	 	0.3798	2	8
BE	424	7590	3	3	4	2006	4	F	3	 	7	15	 	BE	9	36	37	 	 	 	 	 	 	 	 	 	 	 	 	 	 	 	 	 	 	 	 	 	Y	3	1	BE	N	1	2	 	 	1.032	1	11
BE	425	7591	3	4	4	2006	3	F	1	5	7	15	 	BE	3	6	39	 	 	 	 	 	 	 	 	 	 	 	 	 	 	 	 	 	 	 	 	 	Y	3	1	BE	N	2	3	 	 	0.3006	2	14
BE	426	7592	3	4	4	2006	6	M	1	7	7	15	 	EU	3	33	39	 	 	 	 	 	 	 	 	 	 	 	 	 	 	 	 	 	 	 	 	 	Y	3	1	BE	N	1	1	 	 	0.3243	2	10
BE	427	7593	3	2	4	2006	4	M	1	7	3	12	 	BE	3	31	36	 	 	 	 	 	 	 	 	 	 	 	 	 	 	 	 	 	 	 	 	 	Y	3	1	BE	N	1	1	 	 	0.3006	0	4
BE	428	7594	3	5	4	2006	5	F	1	7	7	15	 	BE	3	34	43	 	 	 	 	 	 	 	 	 	 	 	 	 	 	 	 	 	 	 	 	 	Y	3	1	BE	N	2	2	 	 	0.3243	3	7
BE	429	7595	3	4	4	2006	6	M	1	7	2	9	 	BE	3	5	34	 	 	 	 	 	 	 	 	 	 	 	 	 	 	 	 	 	 	 	 	 	Y	2	1	BE	N	2	1	 	 	0.3243	2	7
BE	430	7596	3	3	4	2006	5	F	1	8	4	12	 	BE	5	8	11	30	35	 	 	 	 	 	 	 	 	 	 	 	 	 	 	 	 	 	 	 	Y	3	1	BE	N	2	1	 	 	1.1573	1	12
BE	431	7597	3	4	4	2006	7	F	1	7	3	12	 	BE	4	0	36	41	 	 	 	 	 	 	 	 	 	 	 	 	 	 	 	 	 	 	 	 	Y	3	1	BE	N	1	2	 	 	0.4368	2	17
BE	432	7598	3	3	4	2006	8	F	1	5	7	15	 	BE	3	40	43	 	 	 	 	 	 	 	 	 	 	 	 	 	 	 	 	 	 	 	 	 	Y	3	1	BE	N	2	1	 	 	0.3243	1	6
BE	433	7599	3	3	4	2006	5	M	1	7	3	12	 	BE	3	35	37	 	 	 	 	 	 	 	 	 	 	 	 	 	 	 	 	 	 	 	 	 	Y	3	2	BE	N	2	2	 	 	0.3243	1	4
BE	434	7600	3	1	4	2006	1	M	6	 	7	15	 	BE	4	1	32	33	 	 	 	 	 	 	 	 	 	 	 	 	 	 	 	 	 	 	 	 	Y	3	2	BE	N	2	2	 	 	0.8495	6	5
BE	435	7601	3	4	4	2006	4	M	1	7	7	15	 	BE	3	31	40	 	 	 	 	 	 	 	 	 	 	 	 	 	 	 	 	 	 	 	 	 	Y	3	1	BE	N	2	4	 	 	0.3006	2	12
BE	436	7602	3	3	4	2006	1	F	1	7	7	15	 	BE	3	35	38	 	 	 	 	 	 	 	 	 	 	 	 	 	 	 	 	 	 	 	 	 	Y	3	1	BE	N	3	1	 	 	0.3006	1	13
BE	437	7603	3	4	4	2006	5	M	1	7	7	15	 	BE	4	3	35	36	 	 	 	 	 	 	 	 	 	 	 	 	 	 	 	 	 	 	 	 	Y	2	1	BE	N	2	2	 	 	0.4368	2	11
BE	438	7604	3	3	4	2006	7	M	1	7	7	15	 	BE	4	4	37	38	 	 	 	 	 	 	 	 	 	 	 	 	 	 	 	 	 	 	 	 	Y	3	1	BE	N	2	4	 	 	0.4368	1	28
BE	439	7605	3	2	4	2006	1	F	1	7	7	15	 	BE	3	27	35	 	 	 	 	 	 	 	 	 	 	 	 	 	 	 	 	 	 	 	 	 	N	 	1	BE	N	2	1	 	 	0.3006	0	22
BE	441	7606	3	4	4	2006	1	M	1	6	7	15	 	BE	3	24	25	 	 	 	 	 	 	 	 	 	 	 	 	 	 	 	 	 	 	 	 	 	Y	2	2	BE	N	2	2	 	 	0.3006	2	8
BE	444	7607	3	3	4	2006	1	M	1	7	7	15	 	BE	4	5	32	34	 	 	 	 	 	 	 	 	 	 	 	 	 	 	 	 	 	 	 	 	N	 	1	BE	N	2	2	 	 	0.8495	1	6
BE	445	7608	3	5	4	2006	6	F	1	7	7	15	 	BE	3	32	33	 	 	 	 	 	 	 	 	 	 	 	 	 	 	 	 	 	 	 	 	 	Y	2	1	BE	N	2	2	 	 	0.3243	3	6
BE	446	7609	3	2	4	2006	5	M	1	5	3	12	 	BE	4	9	32	39	 	 	 	 	 	 	 	 	 	 	 	 	 	 	 	 	 	 	 	 	Y	3	1	BE	N	2	1	 	 	0.4368	0	12
BE	447	7610	3	5	4	2006	7	M	1	5	3	12	 	BE	4	5	31	34	 	 	 	 	 	 	 	 	 	 	 	 	 	 	 	 	 	 	 	 	Y	2	1	BE	N	2	2	 	 	0.4368	3	6
BE	448	7611	3	4	4	2006	7	F	1	7	3	12	 	BE	5	0	4	33	37	 	 	 	 	 	 	 	 	 	 	 	 	 	 	 	 	 	 	 	Y	3	1	BE	N	1	1	 	 	1.1573	2	8
BE	450	7612	3	8	4	2006	7	F	1	7	3	12	 	BE	4	4	33	34	 	 	 	 	 	 	 	 	 	 	 	 	 	 	 	 	 	 	 	 	Y	3	1	BE	N	2	2	 	 	0.4368	6	4
BE	452	7613	3	7	4	2006	4	M	1	7	3	12	 	BE	3	58	59	 	 	 	 	 	 	 	 	 	 	 	 	 	 	 	 	 	 	 	 	 	Y	3	4	BE	N	2	2	 	 	0.3006	5	8
BE	454	7614	3	10	4	2006	1	M	1	7	3	12	 	BE	3	28	30	 	 	 	 	 	 	 	 	 	 	 	 	 	 	 	 	 	 	 	 	 	Y	2	1	BE	N	2	1	 	 	0.3006	1	3
BE	456	7615	3	8	4	2006	8	F	1	7	3	12	 	BE	5	0	1	30	34	 	 	 	 	 	 	 	 	 	 	 	 	 	 	 	 	 	 	 	Y	2	1	BE	N	2	1	 	 	1.1573	6	5
BE	457	7616	3	2	4	2006	2	M	1	7	7	15	 	BE	3	28	30	 	 	 	 	 	 	 	 	 	 	 	 	 	 	 	 	 	 	 	 	 	N	 	2	BE	N	2	2	 	 	0.3006	0	5
BE	459	7617	3	6	4	2006	6	F	1	7	7	15	 	BE	4	8	35	36	 	 	 	 	 	 	 	 	 	 	 	 	 	 	 	 	 	 	 	 	Y	3	1	BE	N	2	2	 	 	0.4368	4	6
BE	462	7618	3	4	4	2006	2	F	3	 	3	12	 	BE	4	4	30	32	 	 	 	 	 	 	 	 	 	 	 	 	 	 	 	 	 	 	 	 	N	 	1	BE	N	2	3	 	 	0.8495	2	4
BE	464	7619	3	7	4	2006	7	M	1	7	3	12	 	BE	3	31	35	 	 	 	 	 	 	 	 	 	 	 	 	 	 	 	 	 	 	 	 	 	Y	3	1	BE	N	1	2	 	 	0.3243	5	6
BE	501	7620	1	23	3	2006	25	M	1	7	3	12	 	BE	3	51	53	 	 	 	 	 	 	 	 	 	 	 	 	 	 	 	 	 	 	 	Y	50	 	 	 	 	N	2	1	 	 	1.007	4	56
BE	502	7621	1	29	3	2006	42	F	1	7	7	15	 	BE	4	4	7	19	 	 	 	 	 	 	 	 	 	 	 	 	 	 	 	 	 	 	Y	30	 	 	 	 	N	2	1	 	 	1.6599	3	48
BE	503	7622	1	27	3	2006	31	F	4	 	4	12	 	BE	3	2	41	 	 	 	 	 	 	 	 	 	 	 	 	 	 	 	 	 	 	 	N	 	 	 	 	 	N	1	1	 	 	0.7721	1	6
BE	504	7623	1	28	3	2006	46	M	1	5	7	15	 	BE	4	13	16	43	 	 	 	 	 	 	 	 	 	 	 	 	 	 	 	 	 	 	Y	5	 	 	 	 	N	2	1	 	 	1.0063	2	7
BE	505	7624	1	28	3	2006	67	F	2	 	7	15	 	BE	2	69	 	 	 	 	 	 	 	 	 	 	 	 	 	 	 	 	 	 	 	 	N	 	 	 	 	 	N	2	1	 	 	1.4922	2	7
BE	506	50037	1	28	3	2006	54	F	3	 	7	15	 	BE	1	 	 	 	 	 	 	 	 	 	 	 	 	 	 	 	 	 	 	 	 	 	N	 	 	 	 	 	N	2	1	 	 	1.4245	2	0
BE	507	7625	1	25	3	2006	41	F	1	7	4	12	 	EU	4	14	17	45	 	 	 	 	 	 	 	 	 	 	 	 	 	 	 	 	 	 	Y	30	 	 	 	 	N	2	2	 	 	1.6599	6	7
BE	509	7626	1	27	3	2006	37	M	1	7	3	12	 	BE	2	27	 	 	 	 	 	 	 	 	 	 	 	 	 	 	 	 	 	 	 	 	Y	 	 	 	 	 	N	2	4	 	 	1.1112	1	22
BE	512	7627	1	27	3	2006	57	M	6	 	3	12	 	BE	2	56	 	 	 	 	 	 	 	 	 	 	 	 	 	 	 	 	 	 	 	 	N	 	 	 	 	 	N	1	1	 	 	0.9522	1	37
BE	513	7628	1	25	3	2006	69	M	2	 	3	12	 	BE	1	 	 	 	 	 	 	 	 	 	 	 	 	 	 	 	 	 	 	 	 	 	N	 	 	 	 	 	N	2	1	 	 	1.0388	6	6
BE	515	7629	1	25	3	2006	45	M	6	 	3	12	 	BE	5	7	16	18	43	 	 	 	 	 	 	 	 	 	 	 	 	 	 	 	 	 	N	 	 	 	 	 	N	2	1	 	 	1.0331	6	4
BE	516	7630	1	28	3	2006	56	F	2	 	7	15	 	BE	2	55	 	 	 	 	 	 	 	 	 	 	 	 	 	 	 	 	 	 	 	 	N	 	 	 	 	 	N	2	1	 	 	0.9522	2	7
BE	518	7631	1	27	3	2006	38	F	1	7	7	15	 	BE	2	10	 	 	 	 	 	 	 	 	 	 	 	 	 	 	 	 	 	 	 	 	Y	10	 	 	 	 	N	2	1	 	 	1.1112	1	5
BE	520	7632	1	30	3	2006	45	F	6	 	3	12	 	BE	3	17	49	 	 	 	 	 	 	 	 	 	 	 	 	 	 	 	 	 	 	 	Y	 	 	 	 	 	N	2	2	 	 	0.8875	4	10
BE	521	7633	1	27	3	2006	56	M	1	5	3	12	 	BE	2	48	 	 	 	 	 	 	 	 	 	 	 	 	 	 	 	 	 	 	 	 	Y	10	 	 	 	 	N	2	1	 	 	0.9522	1	5
BE	522	7634	1	2	4	2006	55	M	1	7	7	15	 	BE	5	0	23	25	52	 	 	 	 	 	 	 	 	 	 	 	 	 	 	 	 	 	N	 	 	 	 	 	N	1	1	 	 	0.6442	0	6
BE	523	7635	1	30	3	2006	43	M	1	7	7	15	 	BE	4	14	17	38	 	 	 	 	 	 	 	 	 	 	 	 	 	 	 	 	 	 	Y	10	 	 	 	 	N	2	2	 	 	1.6599	4	15
BE	525	7636	1	31	3	2006	50	F	6	 	7	15	 	EU	1	 	 	 	 	 	 	 	 	 	 	 	 	 	 	 	 	 	 	 	 	 	N	 	 	 	 	 	N	3	1	 	 	1.4245	5	4
BE	526	7637	1	1	4	2006	66	M	2	 	1	6	 	BE	1	 	 	 	 	 	 	 	 	 	 	 	 	 	 	 	 	 	 	 	 	 	N	 	 	 	 	 	Y	2	1	 	 	1.0388	6	1
BE	529	7638	1	1	4	2006	32	F	1	7	7	15	 	BE	3	1	32	 	 	 	 	 	 	 	 	 	 	 	 	 	 	 	 	 	 	 	N	 	 	 	 	 	N	2	1	 	 	0.7721	6	3
BE	530	7639	1	31	3	2006	72	F	3	 	7	15	 	BE	2	79	 	 	 	 	 	 	 	 	 	 	 	 	 	 	 	 	 	 	 	 	N	 	 	 	 	 	Y	2	1	 	 	2.285	5	25
BE	531	7640	1	30	3	2006	52	M	1	6	7	15	 	BE	5	18	22	23	47	 	 	 	 	 	 	 	 	 	 	 	 	 	 	 	 	 	Y	10	 	 	 	 	N	1	2	 	 	1.0103	4	20
BE	533	7641	1	31	3	2006	24	M	1	8	4	12	 	BE	3	21	46	 	 	 	 	 	 	 	 	 	 	 	 	 	 	 	 	 	 	 	Y	25	 	 	 	 	N	2	1	 	 	0.9039	5	53
BE	534	7642	1	30	3	2006	73	M	2	 	7	15	 	BE	2	66	 	 	 	 	 	 	 	 	 	 	 	 	 	 	 	 	 	 	 	 	N	 	 	 	 	 	N	1	1	 	 	2.285	4	7
BE	535	7643	1	1	4	2006	56	M	1	7	4	12	 	BE	3	15	48	 	 	 	 	 	 	 	 	 	 	 	 	 	 	 	 	 	 	 	Y	6	 	 	 	 	N	2	1	 	 	1.0135	6	3
BE	536	7644	1	31	3	2006	60	F	3	 	7	15	 	BE	2	61	 	 	 	 	 	 	 	 	 	 	 	 	 	 	 	 	 	 	 	 	N	 	 	 	 	 	N	2	1	 	 	0.7616	5	8
BE	538	7645	1	31	3	2006	55	F	1	6	7	15	 	BE	2	58	 	 	 	 	 	 	 	 	 	 	 	 	 	 	 	 	 	 	 	 	Y	 	 	 	 	 	N	2	2	 	 	0.9522	5	51
BE	539	7646	1	1	4	2006	31	M	1	6	7	15	 	BE	3	1	31	 	 	 	 	 	 	 	 	 	 	 	 	 	 	 	 	 	 	 	N	 	 	 	 	 	N	3	4	 	 	0.7721	6	3
BE	540	7647	1	30	3	2006	68	M	2	 	2	9	 	BE	2	62	 	 	 	 	 	 	 	 	 	 	 	 	 	 	 	 	 	 	 	 	N	 	 	 	 	 	N	1	1	 	 	1.4922	4	2
BE	541	7648	1	30	3	2006	60	M	2	 	7	15	 	BE	2	59	 	 	 	 	 	 	 	 	 	 	 	 	 	 	 	 	 	 	 	 	N	 	 	 	 	 	N	1	1	 	 	0.7616	4	21
BE	542	7649	1	30	3	2006	44	F	3	 	7	15	 	BE	3	54	77	 	 	 	 	 	 	 	 	 	 	 	 	 	 	 	 	 	 	 	N	 	 	 	 	 	N	2	1	 	 	0.87	4	3
BE	543	7650	1	30	3	2006	32	F	1	7	7	15	 	EU	4	4	8	32	 	 	 	 	 	 	 	 	 	 	 	 	 	 	 	 	 	 	Y	12	 	 	 	 	Y	3	2	 	 	2.3507	4	24
BE	544	7651	1	31	3	2006	31	F	1	7	7	15	 	BE	4	2	5	32	 	 	 	 	 	 	 	 	 	 	 	 	 	 	 	 	 	 	Y	35	 	 	 	 	N	2	2	 	 	2.3507	5	47
BE	547	7652	1	30	3	2006	61	F	2	 	4	12	 	BE	2	70	 	 	 	 	 	 	 	 	 	 	 	 	 	 	 	 	 	 	 	 	N	 	 	 	 	 	N	2	1	 	 	0.7616	4	5
BE	548	7653	1	2	4	2006	66	F	3	 	1	6	 	BE	2	 	 	 	 	 	 	 	 	 	 	 	 	 	 	 	 	 	 	 	 	 	N	 	 	 	 	 	N	2	1	 	 	1.4922	0	5
BE	551	7654	1	30	3	2006	75	F	2	 	1	6	 	BE	1	 	 	 	 	 	 	 	 	 	 	 	 	 	 	 	 	 	 	 	 	 	N	 	 	 	 	 	N	2	1	 	 	3.9884	4	5
BE	552	7655	1	1	4	2006	50	M	4	 	3	12	 	BE	3	17	20	 	 	 	 	 	 	 	 	 	 	 	 	 	 	 	 	 	 	 	Y	15	 	 	 	 	N	2	1	 	 	0.8367	6	20
BE	553	7656	1	1	4	2006	55	F	2	 	4	12	 	BE	2	76	 	 	 	 	 	 	 	 	 	 	 	 	 	 	 	 	 	 	 	 	N	 	 	 	 	 	N	1	1	 	 	0.9522	6	4
BE	554	7657	1	31	3	2006	60	F	3	 	3	12	 	BE	2	63	 	 	 	 	 	 	 	 	 	 	 	 	 	 	 	 	 	 	 	 	N	 	 	 	 	 	N	2	1	 	 	0.7616	5	11
BE	555	7658	1	30	3	2006	40	M	1	7	3	12	 	BE	4	16	18	38	 	 	 	 	 	 	 	 	 	 	 	 	 	 	 	 	 	 	N	 	 	 	 	 	N	2	1	 	 	1.6599	4	5
BE	556	7659	1	3	4	2006	74	M	2	 	7	15	 	BE	1	 	 	 	 	 	 	 	 	 	 	 	 	 	 	 	 	 	 	 	 	 	N	 	 	 	 	 	N	1	1	 	 	3.9884	1	3
BE	557	7660	1	1	4	2006	35	F	3	 	3	12	 	BE	4	4	9	38	 	 	 	 	 	 	 	 	 	 	 	 	 	 	 	 	 	 	N	 	 	 	 	 	N	2	1	 	 	1.2112	6	3
BE	559	7661	1	30	3	2006	24	F	1	8	3	12	 	BE	2	46	 	 	 	 	 	 	 	 	 	 	 	 	 	 	 	 	 	 	 	 	Y	25	 	 	 	 	N	2	2	 	 	1.7051	4	29
BE	560	7662	1	29	3	2006	51	F	1	7	7	15	 	BE	4	20	24	50	 	 	 	 	 	 	 	 	 	 	 	 	 	 	 	 	 	 	Y	30	 	 	 	 	N	1	1	 	 	0.6693	3	50
BE	562	7663	1	31	3	2006	38	M	1	7	7	15	 	BE	1	 	 	 	 	 	 	 	 	 	 	 	 	 	 	 	 	 	 	 	 	 	N	 	 	 	 	 	N	2	2	 	 	1.3667	5	11
BE	563	7664	1	28	3	2006	47	M	4	 	3	12	 	BE	2	44	 	 	 	 	 	 	 	 	 	 	 	 	 	 	 	 	 	 	 	 	N	 	 	 	 	 	N	1	1	 	 	1.7036	2	13
BE	564	7665	1	30	3	2006	61	M	2	 	7	15	 	BE	2	52	 	 	 	 	 	 	 	 	 	 	 	 	 	 	 	 	 	 	 	 	N	 	 	 	 	 	N	3	1	 	 	0.7616	4	7
BE	565	7666	1	30	3	2006	54	F	3	 	3	12	 	BE	12	0	1	2	4	5	7	23	29	3	33	40	 	 	 	 	 	 	 	 	 	 	N	 	 	 	 	 	N	1	1	 	 	1.0103	4	10
BE	567	7667	1	30	3	2006	39	F	4	 	7	15	 	BE	5	4	11	16	34	 	 	 	 	 	 	 	 	 	 	 	 	 	 	 	 	 	N	 	 	 	 	 	N	1	1	 	 	1.3126	4	8
BE	568	7668	1	31	3	2006	55	F	1	7	4	12	 	BE	2	55	 	 	 	 	 	 	 	 	 	 	 	 	 	 	 	 	 	 	 	 	Y	10	 	 	 	 	N	1	1	 	 	0.9522	5	10
BE	569	7669	1	30	3	2006	59	M	2	 	3	12	 	BE	4	30	33	55	 	 	 	 	 	 	 	 	 	 	 	 	 	 	 	 	 	 	N	 	 	 	 	 	N	1	2	 	 	0.5455	4	20
BE	570	7670	1	30	3	2006	47	F	1	5	3	12	 	BE	4	20	22	49	 	 	 	 	 	 	 	 	 	 	 	 	 	 	 	 	 	 	N	 	 	 	 	 	N	1	1	 	 	1.0063	4	3
BE	571	7671	1	3	4	2006	71	M	2	 	2	9	 	BE	1	 	 	 	 	 	 	 	 	 	 	 	 	 	 	 	 	 	 	 	 	 	N	 	 	 	 	 	N	3	1	 	 	3.9884	1	3
BE	574	7672	1	3	4	2006	54	M	1	7	2	9	 	BE	1	 	 	 	 	 	 	 	 	 	 	 	 	 	 	 	 	 	 	 	 	 	Y	15	 	 	 	 	N	2	1	 	 	1.4245	1	11
BE	576	7673	1	4	4	2006	71	M	2	 	7	15	 	BE	2	65	 	 	 	 	 	 	 	 	 	 	 	 	 	 	 	 	 	 	 	 	N	 	 	 	 	 	N	3	1	 	 	2.285	2	23
BE	577	7674	1	5	4	2006	62	F	3	 	7	15	 	BE	2	61	 	 	 	 	 	 	 	 	 	 	 	 	 	 	 	 	 	 	 	 	N	 	 	 	 	 	N	2	1	 	 	0.7616	3	7
BE	578	7675	1	6	4	2006	60	M	2	 	3	12	 	EU	1	 	 	 	 	 	 	 	 	 	 	 	 	 	 	 	 	 	 	 	 	 	N	 	 	 	 	 	N	1	1	 	 	0.882	4	8
BE	579	7676	1	3	4	2006	21	F	5	 	3	12	 	BE	4	19	50	51	 	 	 	 	 	 	 	 	 	 	 	 	 	 	 	 	 	 	Y	15	 	 	 	 	N	2	2	 	 	0.6037	1	5
BE	580	7677	1	2	4	2006	18	M	5	 	3	12	 	BE	4	14	40	45	 	 	 	 	 	 	 	 	 	 	 	 	 	 	 	 	 	 	Y	100	 	 	 	 	N	3	1	 	 	0.5178	0	3
BE	581	7678	1	4	4	2006	62	F	3	 	7	15	 	BE	2	70	 	 	 	 	 	 	 	 	 	 	 	 	 	 	 	 	 	 	 	 	N	 	 	 	 	 	N	2	1	 	 	0.7616	2	6
BE	701	7679	2	9	4	2006	16	F	5	 	 	 	10	BE	3	45	56	 	 	 	 	 	 	 	 	 	 	 	 	 	 	 	 	 	 	18	N	 	 	 	 	 	N	2	3	 	 	0.5641	0	6
BE	702	7680	2	28	3	2006	16	M	5	 	 	 	10	BE	6	17	23	24	49	51	 	 	 	 	 	 	 	 	 	 	 	 	 	 	 	28	N	 	 	 	 	 	N	2	3	 	 	0.6122	2	36
BE	703	7681	2	6	4	2006	12	F	5	 	 	 	6	BE	4	16	45	57	 	 	 	 	 	 	 	 	 	 	 	 	 	 	 	 	 	 	N	 	 	 	 	 	N	2	2	 	 	0.5116	4	15
BE	704	7682	2	26	3	2006	15	F	5	 	 	 	9	BE	5	6	13	38	39	 	 	 	 	 	 	 	 	 	 	 	 	 	 	 	 	17	N	 	 	 	 	 	N	1	1	 	 	0.6122	0	7
BE	706	7683	2	30	3	2006	13	M	5	 	 	 	7	BE	4	17	39	46	 	 	 	 	 	 	 	 	 	 	 	 	 	 	 	 	 	20	N	 	 	 	 	 	N	2	2	 	 	0.5116	4	12
BE	709	7684	2	5	4	2006	15	F	5	 	 	 	9	BE	4	19	37	42	 	 	 	 	 	 	 	 	 	 	 	 	 	 	 	 	 	24	N	 	 	 	 	 	N	2	2	 	 	0.5178	3	12
BE	710	7685	2	27	3	2006	16	M	5	 	 	 	10	OT	7	5	13	17	19	39	50	 	 	 	 	 	 	 	 	 	 	 	 	 	 	18	N	 	 	 	 	 	N	2	4	 	 	0.6122	1	15
BE	711	7686	2	2	4	2006	10	F	5	 	 	 	4	BE	4	45	47	68	 	 	 	 	 	 	 	 	 	 	 	 	 	 	 	 	 	 	N	 	 	 	 	 	N	3	1	 	 	0.5116	0	6
BE	712	7687	2	27	3	2006	12	F	5	 	 	 	6	BE	6	3	8	10	31	36	 	 	 	 	 	 	 	 	 	 	 	 	 	 	 	23	N	 	 	 	 	 	N	1	1	 	 	1.0819	1	32
BE	716	7688	2	30	3	2006	17	M	5	 	 	 	11	BE	4	14	45	47	 	 	 	 	 	 	 	 	 	 	 	 	 	 	 	 	 	 	N	 	 	 	 	 	N	2	3	 	 	0.5178	4	30
BE	719	7689	2	6	4	2006	12	M	5	 	 	 	6	BE	3	42	43	 	 	 	 	 	 	 	 	 	 	 	 	 	 	 	 	 	 	20	N	 	 	 	 	 	N	2	1	 	 	0.6754	4	2
BE	721	7690	2	9	4	2006	16	F	5	 	 	 	10	BE	5	10	21	42	43	 	 	 	 	 	 	 	 	 	 	 	 	 	 	 	 	28	N	 	 	 	 	 	N	2	3	 	 	0.6122	0	20
BE	722	7691	2	5	4	2006	9	M	5	 	 	 	3	BE	3	40	40	 	 	 	 	 	 	 	 	 	 	 	 	 	 	 	 	 	 	23	N	 	 	 	 	 	N	2	1	 	 	0.3243	3	8
BE	723	7692	2	5	4	2006	14	M	5	 	 	 	8	BE	4	12	41	47	 	 	 	 	 	 	 	 	 	 	 	 	 	 	 	 	 	22	N	 	 	 	 	 	N	1	1	 	 	0.5116	3	7
BE	725	7693	2	5	4	2006	16	M	5	 	 	 	10	BE	3	19	45	 	 	 	 	 	 	 	 	 	 	 	 	 	 	 	 	 	 	23	N	 	 	 	 	 	N	1	1	 	 	0.5641	3	16
BE	727	7694	2	6	4	2006	13	M	5	 	 	 	7	BE	4	12	40	46	 	 	 	 	 	 	 	 	 	 	 	 	 	 	 	 	 	 	N	 	 	 	 	 	N	3	1	 	 	0.5116	4	16
BE	730	7695	2	12	4	2006	11	M	5	 	 	 	5	BE	4	8	29	41	 	 	 	 	 	 	 	 	 	 	 	 	 	 	 	 	 	14	N	 	 	 	 	 	N	2	2	 	 	0.5116	3	4
BE	732	7696	2	8	4	2006	17	F	5	 	 	 	11	BE	7	6	8	15	18	38	42	 	 	 	 	 	 	 	 	 	 	 	 	 	 	16	Y	50	 	 	 	 	N	2	1	 	 	0.6122	6	15
BE	733	7697	2	6	4	2006	17	M	5	 	 	 	11	BE	6	11	14	16	46	46	 	 	 	 	 	 	 	 	 	 	 	 	 	 	 	22	N	 	 	 	 	 	N	2	2	 	 	0.6122	4	7
BE	736	7698	2	6	4	2006	17	M	5	 	 	 	11	BE	4	14	46	49	 	 	 	 	 	 	 	 	 	 	 	 	 	 	 	 	 	23	N	 	 	 	 	 	N	2	1	 	 	0.5178	4	5
BE	737	7699	2	9	4	2006	13	M	5	 	 	 	7	BE	4	17	17	43	 	 	 	 	 	 	 	 	 	 	 	 	 	 	 	 	 	15	N	 	 	 	 	 	N	1	1	 	 	0.5116	0	8
BE	738	7700	2	6	4	2006	14	M	5	 	 	 	8	BE	5	17	21	45	52	 	 	 	 	 	 	 	 	 	 	 	 	 	 	 	 	20	N	 	 	 	 	 	N	1	2	 	 	1.0819	4	19
BE	739	7701	1	11	4	2006	41	F	6	 	3	12	 	BE	3	9	13	 	 	 	 	 	 	 	 	 	 	 	 	 	 	 	 	 	 	 	N	 	 	 	 	 	N	1	3	 	 	0.87	2	6
BE	740	7702	2	12	4	2006	9	M	5	 	 	 	3	BE	4	7	34	36	 	 	 	 	 	 	 	 	 	 	 	 	 	 	 	 	 	27	N	 	 	 	 	 	N	3	1	 	 	0.4368	3	12
BE	742	7703	2	11	4	2006	11	M	5	 	 	 	5	BE	2	38	 	 	 	 	 	 	 	 	 	 	 	 	 	 	 	 	 	 	 	24	N	 	 	 	 	 	Y	2	2	 	 	0.3986	2	10
BE	743	7704	2	11	4	2006	11	M	5	 	 	 	5	BE	5	17	22	45	48	 	 	 	 	 	 	 	 	 	 	 	 	 	 	 	 	12	N	 	 	 	 	 	N	2	1	 	 	1.0819	2	7
BE	746	7705	2	11	4	2006	5	F	5	 	 	 	-1	BE	4	2	35	36	 	 	 	 	 	 	 	 	 	 	 	 	 	 	 	 	 	18	N	 	 	 	 	 	N	2	1	 	 	0.4368	2	3
BE	747	7706	2	11	4	2006	11	M	5	 	 	 	5	BE	5	11	15	40	42	 	 	 	 	 	 	 	 	 	 	 	 	 	 	 	 	15	N	 	 	 	 	 	N	2	3	 	 	1.0819	2	18
BE	748	7707	2	6	4	2006	11	M	5	 	 	 	5	BE	3	32	34	 	 	 	 	 	 	 	 	 	 	 	 	 	 	 	 	 	 	22	N	 	 	 	 	 	N	2	2	 	 	0.6754	4	5
BE	749	7708	2	9	4	2006	9	F	5	 	 	 	3	BE	4	9	37	39	 	 	 	 	 	 	 	 	 	 	 	 	 	 	 	 	 	23	N	 	 	 	 	 	N	3	2	 	 	0.4368	0	12
BE	750	7709	2	1	4	2006	16	M	5	 	 	 	10	BE	3	14	42	 	 	 	 	 	 	 	 	 	 	 	 	 	 	 	 	 	 	19	N	 	 	 	 	 	N	2	2	 	 	0.5641	6	5
BE	752	7710	2	5	4	2006	13	F	5	 	 	 	7	BE	3	40	42	 	 	 	 	 	 	 	 	 	 	 	 	 	 	 	 	 	 	21	N	 	 	 	 	 	N	2	2	 	 	0.6754	3	6
BE	753	7711	2	8	4	2006	11	M	5	 	 	 	5	BE	4	9	34	37	 	 	 	 	 	 	 	 	 	 	 	 	 	 	 	 	 	17	N	 	 	 	 	 	N	2	2	 	 	0.5116	6	7
BE	754	7712	2	6	4	2006	17	M	5	 	 	 	11	BE	4	8	40	42	 	 	 	 	 	 	 	 	 	 	 	 	 	 	 	 	 	16	N	 	 	 	 	 	N	2	1	 	 	0.5178	4	13
BE	756	7713	2	2	4	2006	12	M	5	 	 	 	6	BE	4	10	35	36	 	 	 	 	 	 	 	 	 	 	 	 	 	 	 	 	 	19	N	 	 	 	 	 	N	2	2	 	 	0.5116	0	5
BE	757	7714	2	8	4	2006	15	F	5	 	 	 	9	BE	3	40	42	 	 	 	 	 	 	 	 	 	 	 	 	 	 	 	 	 	 	20	N	 	 	 	 	 	N	2	1	 	 	0.5641	6	6
BE	758	7715	2	5	4	2006	12	M	5	 	 	 	6	BE	5	10	14	36	39	 	 	 	 	 	 	 	 	 	 	 	 	 	 	 	 	17	N	 	 	 	 	 	N	2	3	 	 	1.0819	3	8
BE	759	7716	2	7	4	2006	16	F	5	 	 	 	10	BE	4	14	38	41	 	 	 	 	 	 	 	 	 	 	 	 	 	 	 	 	 	22	N	 	 	 	 	 	N	2	3	 	 	0.5178	5	6
BE	760	7717	2	4	4	2006	17	M	5	 	 	 	11	BE	3	49	51	 	 	 	 	 	 	 	 	 	 	 	 	 	 	 	 	 	 	10	N	 	 	 	 	 	N	2	1	 	 	0.5641	2	10
BE	761	7718	2	4	4	2006	13	M	5	 	 	 	7	BE	3	15	36	 	 	 	 	 	 	 	 	 	 	 	 	 	 	 	 	 	 	20	N	 	 	 	 	 	N	2	2	 	 	0.6754	2	5
BE	762	7719	2	6	4	2006	16	F	5	 	 	 	10	BE	4	14	42	44	 	 	 	 	 	 	 	 	 	 	 	 	 	 	 	 	 	20	N	 	 	 	 	 	N	2	2	 	 	0.5178	4	6
BE	763	7720	2	3	4	2006	14	M	5	 	 	 	8	BE	4	12	36	39	 	 	 	 	 	 	 	 	 	 	 	 	 	 	 	 	 	22	N	 	 	 	 	 	N	2	2	 	 	0.5116	1	6
BE	764	7721	2	24	4	2006	16	F	5	 	 	 	10	BE	4	4	36	37	 	 	 	 	 	 	 	 	 	 	 	 	 	 	 	 	 	13	N	 	 	 	 	 	N	2	1	 	 	0.5178	1	15
BE	765	7722	2	2	4	2006	11	M	5	 	 	 	5	BE	3	8	33	 	 	 	 	 	 	 	 	 	 	 	 	 	 	 	 	 	 	17	N	 	 	 	 	 	N	2	2	 	 	0.6754	0	4
BE	766	7723	2	10	4	2006	16	F	5	 	 	 	10	BE	4	14	47	48	 	 	 	 	 	 	 	 	 	 	 	 	 	 	 	 	 	9	N	 	 	 	 	 	N	1	1	 	 	0.5178	1	5
BE	767	7724	2	6	4	2006	16	F	5	 	 	 	10	BE	5	10	12	41	44	 	 	 	 	 	 	 	 	 	 	 	 	 	 	 	 	17	N	 	 	 	 	 	N	2	2	 	 	0.6122	4	7
BE	768	7725	2	7	4	2006	13	M	5	 	 	 	7	BE	4	11	38	39	 	 	 	 	 	 	 	 	 	 	 	 	 	 	 	 	 	21	N	 	 	 	 	 	N	2	2	 	 	0.5116	5	7
BE	769	7726	2	2	4	2006	15	M	5	 	 	 	9	BE	4	13	40	41	 	 	 	 	 	 	 	 	 	 	 	 	 	 	 	 	 	20	N	 	 	 	 	 	N	2	2	 	 	0.5178	0	6
BE	770	7727	2	9	4	2006	10	M	5	 	 	 	4	BE	2	32	 	 	 	 	 	 	 	 	 	 	 	 	 	 	 	 	 	 	 	21	N	 	 	 	 	 	N	1	1	 	 	0.3986	0	5
BE	771	7728	2	7	4	2006	13	M	5	 	 	 	7	BE	3	11	34	 	 	 	 	 	 	 	 	 	 	 	 	 	 	 	 	 	 	18	N	 	 	 	 	 	N	2	2	 	 	0.6754	5	6
BE	772	7729	2	5	4	2006	17	M	5	 	 	 	11	BE	4	15	42	44	 	 	 	 	 	 	 	 	 	 	 	 	 	 	 	 	 	21	N	 	 	 	 	 	N	2	2	 	 	0.5178	3	7
BE	773	7730	2	5	4	2006	11	M	5	 	 	 	5	BE	3	9	37	 	 	 	 	 	 	 	 	 	 	 	 	 	 	 	 	 	 	22	N	 	 	 	 	 	N	2	2	 	 	0.6754	3	6
BE	774	7731	2	8	4	2006	13	M	5	 	 	 	7	BE	2	34	 	 	 	 	 	 	 	 	 	 	 	 	 	 	 	 	 	 	 	22	N	 	 	 	 	 	N	2	2	 	 	0.3986	6	6
BE	801	7732	3	29	3	2006	7	F	1	7	7	15	 	BE	4	7	42	48	 	 	 	 	 	 	 	 	 	 	 	 	 	 	 	 	 	 	 	 	Y	2	1	BE	N	2	2	 	 	0.4368	3	16
BE	802	7733	3	31	3	2006	5	M	1	6	7	15	 	BE	4	10	38	38	 	 	 	 	 	 	 	 	 	 	 	 	 	 	 	 	 	 	 	 	Y	2	2	BE	Y	2	3	 	 	0.4368	5	30
BE	803	7734	3	5	4	2006	1	M	3	 	3	12	 	BE	3	24	30	 	 	 	 	 	 	 	 	 	 	 	 	 	 	 	 	 	 	 	 	 	N	 	1	BE	N	2	1	 	 	0.3006	3	6
BE	804	7735	3	4	4	2006	5	F	1	7	7	15	 	BE	4	2	31	37	 	 	 	 	 	 	 	 	 	 	 	 	 	 	 	 	 	 	 	 	Y	3	1	BE	N	1	1	 	 	0.4368	2	8
BE	805	7736	3	6	4	2006	4	M	1	8	4	12	 	EU	2	38	 	 	 	 	 	 	 	 	 	 	 	 	 	 	 	 	 	 	 	 	 	 	Y	1	2	BE	N	1	1	 	 	0.3798	4	3
BE	806	7737	3	8	4	2006	7	F	1	7	7	15	 	EU	3	42	43	 	 	 	 	 	 	 	 	 	 	 	 	 	 	 	 	 	 	 	 	 	Y	3	1	BE	N	2	1	 	 	0.3243	6	4
BE	807	7738	3	5	4	2006	3	F	1	7	7	15	 	BE	3	30	31	 	 	 	 	 	 	 	 	 	 	 	 	 	 	 	 	 	 	 	 	 	Y	2	1	BE	N	1	1	 	 	0.3006	3	19
BE	808	7739	3	5	4	2006	5	F	6	 	3	12	 	BE	4	2	28	28	 	 	 	 	 	 	 	 	 	 	 	 	 	 	 	 	 	 	 	 	Y	3	1	BE	N	2	1	 	 	0.4368	3	9
BE	810	7740	3	5	4	2006	5	M	1	7	7	15	 	BE	3	38	38	 	 	 	 	 	 	 	 	 	 	 	 	 	 	 	 	 	 	 	 	 	Y	3	1	BE	Y	3	2	 	 	0.3243	3	12
BE	811	7741	2	9	4	2006	9	F	5	 	 	 	3	BE	3	25	61	 	 	 	 	 	 	 	 	 	 	 	 	 	 	 	 	 	 	 	N	 	 	 	 	 	N	1	1	 	 	0.3243	0	5
BE	813	7742	3	6	4	2006	7	M	1	7	3	12	 	BE	4	36	33	3	 	 	 	 	 	 	 	 	 	 	 	 	 	 	 	 	 	 	 	 	Y	3	2	BE	N	2	3	 	 	0.4368	4	7
BE	816	7743	3	5	4	2006	3	M	4	 	7	15	 	EU	3	39	49	 	 	 	 	 	 	 	 	 	 	 	 	 	 	 	 	 	 	 	 	 	Y	2	1	BE	N	1	1	 	 	0.3006	3	2
BE	822	7744	3	11	4	2006	7	F	4	 	4	12	 	BE	3	29	31	 	 	 	 	 	 	 	 	 	 	 	 	 	 	 	 	 	 	 	 	 	N	 	1	BE	N	1	3	 	 	0.3243	2	15
BE	824	7745	3	11	4	2006	3	F	4	 	7	15	 	BE	4	9	34	39	 	 	 	 	 	 	 	 	 	 	 	 	 	 	 	 	 	 	 	 	Y	3	1	BE	N	2	2	 	 	0.8495	2	3
BE	825	7746	3	6	4	2006	8	M	1	7	7	15	 	EU	5	4	10	38	41	 	 	 	 	 	 	 	 	 	 	 	 	 	 	 	 	 	 	 	Y	3	2	EU	N	2	2	 	 	1.1573	4	25
BE	826	7747	3	11	4	2006	4	F	1	5	7	15	 	BE	4	0	33	34	 	 	 	 	 	 	 	 	 	 	 	 	 	 	 	 	 	 	 	 	Y	3	1	BE	N	1	1	 	 	0.8495	2	5
BE	827	7748	3	8	4	2006	0	F	4	 	4	12	 	BE	9	1	2	5	7	10	11	21	30	 	 	 	 	 	 	 	 	 	 	 	 	 	 	 	N	 	1	BE	N	1	1	 	 	1.032	6	34
BE	828	7749	3	13	4	2006	2	F	1	7	2	9	 	BE	3	32	29	 	 	 	 	 	 	 	 	 	 	 	 	 	 	 	 	 	 	 	 	 	Y	3	1	BE	N	3	2	 	 	0.3006	4	10
BE	829	7750	3	12	4	2006	1	M	4	 	3	12	 	BE	3	26	27	 	 	 	 	 	 	 	 	 	 	 	 	 	 	 	 	 	 	 	 	 	N	 	1	BE	N	2	2	 	 	0.3006	3	4
BE	830	7751	3	11	4	2006	8	F	1	7	7	15	 	BE	4	3	32	34	 	 	 	 	 	 	 	 	 	 	 	 	 	 	 	 	 	 	 	 	N	 	1	BE	N	2	2	 	 	0.4368	2	9
BE	832	7752	3	9	4	2006	0	F	3	 	3	12	 	BE	2	32	 	 	 	 	 	 	 	 	 	 	 	 	 	 	 	 	 	 	 	 	 	 	N	 	1	BE	N	1	1	 	 	0.3798	0	13
BE	833	7753	3	12	4	2006	6	M	3	 	3	12	 	BE	3	40	49	 	 	 	 	 	 	 	 	 	 	 	 	 	 	 	 	 	 	 	 	 	N	 	1	BE	N	2	1	 	 	0.3243	3	5
BE	834	7754	3	11	4	2006	4	F	1	7	7	15	 	BE	5	1	3	38	40	 	 	 	 	 	 	 	 	 	 	 	 	 	 	 	 	 	 	 	Y	3	2	BE	N	2	3	 	 	1.032	2	13
BE	837	7755	3	10	4	2006	7	F	3	 	2	9	 	BE	5	13	14	37	43	 	 	 	 	 	 	 	 	 	 	 	 	 	 	 	 	 	 	 	N	 	1	BE	N	1	1	 	 	1.1573	1	16
BE	839	7756	3	10	4	2006	2	F	1	7	3	12	 	BE	3	29	34	 	 	 	 	 	 	 	 	 	 	 	 	 	 	 	 	 	 	 	 	 	Y	1	1	BE	N	2	1	 	 	0.3006	1	12
BE	840	7757	3	11	4	2006	7	F	4	 	2	9	 	BE	3	29	31	 	 	 	 	 	 	 	 	 	 	 	 	 	 	 	 	 	 	 	 	 	Y	2	1	BE	N	2	3	 	 	0.3243	2	6
BE	843	7758	3	4	4	2006	4	F	3	 	3	12	 	BE	3	29	31	 	 	 	 	 	 	 	 	 	 	 	 	 	 	 	 	 	 	 	 	 	N	 	1	BE	N	2	1	 	 	0.3006	2	4
BE	845	7759	3	5	4	2006	3	M	1	7	3	12	 	BE	4	5	27	30	 	 	 	 	 	 	 	 	 	 	 	 	 	 	 	 	 	 	 	 	Y	2	1	BE	N	2	2	 	 	0.8495	3	5
BE	846	7760	3	11	4	2006	7	M	1	7	7	15	 	BE	3	34	34	 	 	 	 	 	 	 	 	 	 	 	 	 	 	 	 	 	 	 	 	 	Y	2	2	BE	N	2	1	 	 	0.3243	2	18
BE	847	7761	3	2	4	2006	2	M	1	7	7	15	 	BE	3	27	30	 	 	 	 	 	 	 	 	 	 	 	 	 	 	 	 	 	 	 	 	 	N	 	1	BE	N	2	1	 	 	0.3006	0	4
BE	848	7762	3	10	4	2006	4	F	1	8	3	12	 	BE	2	35	 	 	 	 	 	 	 	 	 	 	 	 	 	 	 	 	 	 	 	 	 	 	Y	3	2	BE	Y	2	3	 	 	0.3798	1	4
BE	851	7763	3	3	4	2006	6	M	3	 	3	12	 	BE	4	4	31	33	 	 	 	 	 	 	 	 	 	 	 	 	 	 	 	 	 	 	 	 	Y	3	1	BE	N	2	2	 	 	0.4368	1	6
BE	852	7764	3	21	4	2006	0	F	1	7	7	15	 	BE	3	30	32	 	 	 	 	 	 	 	 	 	 	 	 	 	 	 	 	 	 	 	 	 	Y	2	2	BE	N	2	1	 	 	0.3006	5	20
BE	853	7765	3	2	4	2006	1	M	1	7	3	12	 	BE	3	27	27	 	 	 	 	 	 	 	 	 	 	 	 	 	 	 	 	 	 	 	 	 	Y	1	1	BE	N	2	1	 	 	0.3006	0	4
BE	854	7766	3	11	4	2006	2	F	1	8	3	12	 	BE	3	37	49	 	 	 	 	 	 	 	 	 	 	 	 	 	 	 	 	 	 	 	 	 	Y	2	2	BE	N	2	1	 	 	0.3006	2	10
BE	855	7767	3	2	4	2006	6	F	3	 	3	12	 	BE	4	8	31	34	 	 	 	 	 	 	 	 	 	 	 	 	 	 	 	 	 	 	 	 	Y	2	1	BE	N	2	2	 	 	0.4368	0	3
BE	856	7768	3	6	4	2006	3	F	3	 	3	12	 	BE	5	5	7	34	35	 	 	 	 	 	 	 	 	 	 	 	 	 	 	 	 	 	 	 	N	 	1	BE	N	2	2	 	 	1.032	4	4
BE	857	7769	3	5	4	2006	3	F	1	7	7	15	 	BE	4	1	29	30	 	 	 	 	 	 	 	 	 	 	 	 	 	 	 	 	 	 	 	 	Y	2	1	BE	N	2	2	 	 	0.8495	3	4
BE	858	7770	3	2	4	2006	7	F	3	 	3	12	 	BE	5	2	5	32	35	 	 	 	 	 	 	 	 	 	 	 	 	 	 	 	 	 	 	 	Y	3	1	BE	N	2	2	 	 	1.1573	0	4
BE	859	7771	3	3	4	2006	8	M	4	 	3	12	 	BE	4	6	32	35	 	 	 	 	 	 	 	 	 	 	 	 	 	 	 	 	 	 	 	 	Y	2	1	BE	N	2	2	 	 	0.4368	1	6
BE	860	7772	3	2	4	2006	7	M	3	 	3	12	 	BE	4	5	32	33	 	 	 	 	 	 	 	 	 	 	 	 	 	 	 	 	 	 	 	 	Y	2	1	BE	N	2	2	 	 	0.4368	0	4
BE	861	7773	3	7	4	2006	7	F	1	7	3	12	 	BE	4	2	29	30	 	 	 	 	 	 	 	 	 	 	 	 	 	 	 	 	 	 	 	 	Y	2	1	BE	N	2	2	 	 	0.4368	5	5
BE	862	7774	3	9	4	2006	1	M	4	 	3	12	 	BE	3	25	26	 	 	 	 	 	 	 	 	 	 	 	 	 	 	 	 	 	 	 	 	 	N	 	1	BE	N	2	1	 	 	0.3006	0	5
BE	863	7775	3	30	3	2006	8	F	1	7	3	12	 	BE	3	30	36	 	 	 	 	 	 	 	 	 	 	 	 	 	 	 	 	 	 	 	 	 	Y	1	1	BE	N	2	1	 	 	0.3243	4	8
BE	864	7776	3	3	4	2006	1	F	3	 	3	12	 	BE	3	26	28	 	 	 	 	 	 	 	 	 	 	 	 	 	 	 	 	 	 	 	 	 	N	 	1	BE	N	2	1	 	 	0.3006	1	3
BE	865	7777	3	3	4	2006	1	M	4	 	2	9	 	BE	3	26	28	 	 	 	 	 	 	 	 	 	 	 	 	 	 	 	 	 	 	 	 	 	N	 	1	BE	N	2	2	 	 	0.3006	1	5
BE	866	7778	3	5	4	2006	7	F	1	7	3	12	 	BE	3	42	44	 	 	 	 	 	 	 	 	 	 	 	 	 	 	 	 	 	 	 	 	 	Y	2	1	BE	N	2	2	 	 	0.3243	3	6
BE	867	7779	3	2	4	2006	8	M	3	 	4	12	 	BE	4	6	34	39	 	 	 	 	 	 	 	 	 	 	 	 	 	 	 	 	 	 	 	 	Y	3	1	BE	N	2	1	 	 	0.4368	0	15
BE	868	7780	3	4	4	2006	2	M	1	7	3	12	 	BE	3	29	31	 	 	 	 	 	 	 	 	 	 	 	 	 	 	 	 	 	 	 	 	 	N	 	1	BE	N	2	2	 	 	0.3006	2	3
BE	869	7781	3	2	4	2006	1	F	4	 	3	12	 	BE	3	25	28	 	 	 	 	 	 	 	 	 	 	 	 	 	 	 	 	 	 	 	 	 	N	 	1	BE	N	2	1	 	 	0.3006	0	5
BE	870	7782	3	5	4	2006	2	M	4	 	3	12	 	BE	3	23	27	 	 	 	 	 	 	 	 	 	 	 	 	 	 	 	 	 	 	 	 	 	N	 	1	BE	N	2	2	 	 	0.3006	3	5
BE	871	7783	3	1	4	2006	5	F	1	7	3	12	 	BE	3	26	27	 	 	 	 	 	 	 	 	 	 	 	 	 	 	 	 	 	 	 	 	 	Y	2	1	BE	N	2	2	 	 	0.3243	6	6
BE	873	7784	3	8	4	2006	5	M	1	7	3	12	 	BE	4	3	29	31	 	 	 	 	 	 	 	 	 	 	 	 	 	 	 	 	 	 	 	 	Y	2	1	BE	N	2	3	 	 	0.4368	6	7
BE	874	7785	3	7	4	2006	5	F	1	7	3	12	 	BE	3	28	29	 	 	 	 	 	 	 	 	 	 	 	 	 	 	 	 	 	 	 	 	 	Y	3	1	BE	N	2	1	 	 	0.3243	5	5
BE	891	7786	3	2	4	2006	3	M	1	7	7	15	 	BE	4	1	33	36	 	 	 	 	 	 	 	 	 	 	 	 	 	 	 	 	 	 	 	 	Y	3	2	BE	N	2	1	 	 	0.8495	0	5
BE	1001	7787	1	31	3	2006	45	F	1	7	3	12	 	BE	2	48	 	 	 	 	 	 	 	 	 	 	 	 	 	 	 	 	 	 	 	 	Y	1000	 	 	 	 	N	2	1	 	 	1.7036	5	1011
BE	1002	7788	1	31	3	2006	56	F	3	 	7	15	 	BE	2	55	 	 	 	 	 	 	 	 	 	 	 	 	 	 	 	 	 	 	 	 	N	 	 	 	 	 	N	1	1	 	 	0.9522	5	12
BE	1003	7789	1	2	4	2006	64	M	6	 	3	12	 	BE	2	60	 	 	 	 	 	 	 	 	 	 	 	 	 	 	 	 	 	 	 	 	Y	10	 	 	 	 	N	2	1	 	 	0.7616	0	8
BE	1004	7790	1	2	4	2006	18	F	5	 	3	12	 	BE	5	11	15	45	48	 	 	 	 	 	 	 	 	 	 	 	 	 	 	 	 	 	N	 	 	 	 	 	N	2	3	 	 	0.6122	0	30
BE	1005	7791	1	29	3	2006	60	M	2	 	3	12	 	BE	2	56	 	 	 	 	 	 	 	 	 	 	 	 	 	 	 	 	 	 	 	 	N	 	 	 	 	 	N	2	2	 	 	0.7616	3	31
BE	1006	7792	1	30	3	2006	38	F	1	7	7	15	 	BE	4	3	11	48	 	 	 	 	 	 	 	 	 	 	 	 	 	 	 	 	 	 	N	 	 	 	 	 	N	1	1	 	 	1.2112	4	19
BE	1007	7793	1	1	4	2006	46	F	1	7	3	12	 	BE	4	15	21	49	 	 	 	 	 	 	 	 	 	 	 	 	 	 	 	 	 	 	Y	28	 	 	 	 	N	2	3	 	 	1.0063	6	16
BE	1008	7794	1	5	4	2006	20	F	5	 	7	15	 	BE	5	19	21	44	45	 	 	 	 	 	 	 	 	 	 	 	 	 	 	 	 	 	Y	 	 	 	 	 	N	1	1	 	 	1.1636	3	20
BE	1009	7795	1	29	3	2006	60	F	6	 	3	12	 	BE	1	 	 	 	 	 	 	 	 	 	 	 	 	 	 	 	 	 	 	 	 	 	N	 	 	 	 	 	N	1	1	 	 	0.882	3	4
BE	1011	7796	1	1	4	2006	41	M	1	7	3	12	 	BE	2	37	 	 	 	 	 	 	 	 	 	 	 	 	 	 	 	 	 	 	 	 	Y	10	 	 	 	 	N	2	1	 	 	2.1507	6	22
BE	1014	7797	1	31	3	2006	44	M	1	7	7	15	 	BE	5	13	15	17	43	 	 	 	 	 	 	 	 	 	 	 	 	 	 	 	 	 	N	 	 	 	 	 	N	1	2	 	 	2.3409	5	42
BE	1015	7798	1	5	4	2006	49	F	1	7	7	15	 	BE	3	21	55	 	 	 	 	 	 	 	 	 	 	 	 	 	 	 	 	 	 	 	Y	15	 	 	 	 	N	2	2	 	 	0.8875	3	22
BE	1016	7799	1	1	4	2006	40	F	5	 	7	15	 	BE	3	5	10	 	 	 	 	 	 	 	 	 	 	 	 	 	 	 	 	 	 	 	N	 	 	 	 	 	N	1	1	 	 	0.87	6	10
BE	1018	7800	1	2	4	2006	63	F	2	 	3	12	 	BE	2	63	 	 	 	 	 	 	 	 	 	 	 	 	 	 	 	 	 	 	 	 	N	 	 	 	 	 	N	2	1	 	 	0.7616	0	7
BE	1020	7801	1	2	4	2006	76	F	3	 	0	0	 	BE	1	 	 	 	 	 	 	 	 	 	 	 	 	 	 	 	 	 	 	 	 	 	N	 	 	 	 	 	N	2	1	 	 	3.9884	0	13
BE	1021	7802	1	30	3	2006	48	F	1	7	7	15	 	BE	5	20	23	23	49	 	 	 	 	 	 	 	 	 	 	 	 	 	 	 	 	 	Y	8	 	 	 	 	N	2	1	 	 	1.0331	4	39
BE	1022	7803	1	31	3	2006	43	F	1	7	3	12	 	BE	5	14	18	18	45	 	 	 	 	 	 	 	 	 	 	 	 	 	 	 	 	 	Y	14	 	 	 	 	N	1	2	 	 	2.3409	5	14
BE	1023	7804	1	31	3	2006	48	M	1	7	7	15	 	BE	4	22	23	46	 	 	 	 	 	 	 	 	 	 	 	 	 	 	 	 	 	 	N	 	 	 	 	 	N	2	1	 	 	1.0063	5	5
BE	1024	7805	1	31	3	2006	19	M	5	 	3	12	 	BE	3	54	57	 	 	 	 	 	 	 	 	 	 	 	 	 	 	 	 	 	 	 	N	 	 	 	 	 	Y	1	2	 	 	0.5641	5	36
BE	1025	7806	1	9	4	2006	23	M	5	 	7	15	 	BE	4	27	55	57	 	 	 	 	 	 	 	 	 	 	 	 	 	 	 	 	 	 	N	 	 	 	 	 	N	1	1	 	 	0.6037	0	5
BE	1026	7807	1	1	4	2006	19	F	5	 	3	12	 	BE	5	13	21	48	48	 	 	 	 	 	 	 	 	 	 	 	 	 	 	 	 	 	N	 	 	 	 	 	N	2	4	 	 	0.6122	6	13
BE	1027	7808	1	31	3	2006	46	M	1	6	7	15	 	BE	4	17	19	37	 	 	 	 	 	 	 	 	 	 	 	 	 	 	 	 	 	 	Y	10	 	 	 	 	N	2	2	 	 	1.0063	5	17
BE	1028	7809	1	30	3	2006	29	M	1	7	3	12	 	BE	3	1	31	 	 	 	 	 	 	 	 	 	 	 	 	 	 	 	 	 	 	 	N	 	 	 	 	 	N	1	1	 	 	1.007	4	12
BE	1029	7810	1	30	3	2006	21	M	1	8	3	12	 	BE	2	51	 	 	 	 	 	 	 	 	 	 	 	 	 	 	 	 	 	 	 	 	N	 	 	 	 	 	N	2	4	 	 	1.7051	4	19
BE	1030	7811	1	31	3	2006	48	M	1	5	7	15	 	BE	4	47	18	16	 	 	 	 	 	 	 	 	 	 	 	 	 	 	 	 	 	 	Y	10	 	 	 	 	N	1	2	 	 	1.0063	5	10
BE	1031	7812	1	31	3	2006	58	F	3	 	1	6	 	BE	2	64	 	 	 	 	 	 	 	 	 	 	 	 	 	 	 	 	 	 	 	 	N	 	 	 	 	 	N	1	1	 	 	0.9522	5	4
BE	1032	7813	1	30	3	2006	58	M	1	7	3	12	 	BE	2	57	 	 	 	 	 	 	 	 	 	 	 	 	 	 	 	 	 	 	 	 	Y	10	 	 	 	 	N	3	1	 	 	0.9522	4	10
BE	1033	7814	1	30	3	2006	39	F	1	7	7	15	 	BE	5	3	5	9	40	 	 	 	 	 	 	 	 	 	 	 	 	 	 	 	 	 	N	 	 	 	 	 	N	1	2	 	 	1.3126	4	26
BE	1034	7815	1	1	4	2006	62	F	3	 	4	12	 	BE	2	63	 	 	 	 	 	 	 	 	 	 	 	 	 	 	 	 	 	 	 	 	N	 	 	 	 	 	N	1	1	 	 	0.7616	6	16
BE	1037	7816	1	3	4	2006	61	M	2	 	3	12	 	BE	2	62	 	 	 	 	 	 	 	 	 	 	 	 	 	 	 	 	 	 	 	 	N	 	 	 	 	 	N	1	1	 	 	0.7616	1	27
BE	1038	7817	1	30	3	2006	40	M	1	5	2	9	 	BE	3	18	36	 	 	 	 	 	 	 	 	 	 	 	 	 	 	 	 	 	 	 	N	 	 	 	 	 	N	2	1	 	 	0.87	4	10
BE	1039	7818	1	4	4	2006	76	F	2	 	1	6	 	BE	2	81	 	 	 	 	 	 	 	 	 	 	 	 	 	 	 	 	 	 	 	 	N	 	 	 	 	 	Y	2	1	 	 	2.285	2	2
BE	1041	7819	1	2	4	2006	52	F	1	7	7	15	 	BE	3	20	52	 	 	 	 	 	 	 	 	 	 	 	 	 	 	 	 	 	 	 	Y	80	 	 	 	 	N	2	1	 	 	0.8367	0	13
BE	1042	7820	1	31	3	2006	60	F	2	 	2	9	 	BE	3	14	70	 	 	 	 	 	 	 	 	 	 	 	 	 	 	 	 	 	 	 	N	 	 	 	 	 	N	1	2	 	 	1.366	5	15
BE	1043	7821	1	31	3	2006	70	F	2	 	7	15	 	BE	2	76	 	 	 	 	 	 	 	 	 	 	 	 	 	 	 	 	 	 	 	 	Y	60	 	 	 	 	N	2	4	 	 	2.285	5	70
BE	1044	7822	1	30	3	2006	38	F	3	 	7	15	 	BE	5	9	12	13	46	 	 	 	 	 	 	 	 	 	 	 	 	 	 	 	 	 	N	 	 	 	 	 	Y	2	2	 	 	1.3126	4	33
BE	1047	7823	1	2	4	2006	53	F	3	 	7	15	 	BE	4	24	28	58	 	 	 	 	 	 	 	 	 	 	 	 	 	 	 	 	 	 	N	 	 	 	 	 	N	2	1	 	 	0.6693	0	3
BE	1048	7824	1	31	3	2006	61	F	2	 	7	15	 	BE	2	58	 	 	 	 	 	 	 	 	 	 	 	 	 	 	 	 	 	 	 	 	N	 	 	 	 	 	N	3	3	 	 	0.7616	5	38
BE	1049	7825	1	1	4	2006	47	M	1	8	2	9	 	BE	2	43	 	 	 	 	 	 	 	 	 	 	 	 	 	 	 	 	 	 	 	 	Y	20	 	 	 	 	N	1	1	 	 	1.7036	6	7
BE	1050	7826	1	30	3	2006	27	M	1	8	3	12	 	BE	2	25	 	 	 	 	 	 	 	 	 	 	 	 	 	 	 	 	 	 	 	 	N	 	 	 	 	 	N	2	1	 	 	1.0649	4	16
BE	1051	7827	1	2	4	2006	69	M	2	 	3	12	 	BE	2	66	 	 	 	 	 	 	 	 	 	 	 	 	 	 	 	 	 	 	 	 	N	 	 	 	 	 	N	2	1	 	 	1.4922	0	10
BE	1052	7828	1	30	3	2006	39	F	1	7	7	15	 	BE	4	7	10	42	 	 	 	 	 	 	 	 	 	 	 	 	 	 	 	 	 	 	Y	20	 	 	 	 	N	1	2	 	 	1.2112	4	5
BE	1053	7829	1	31	3	2006	55	F	6	 	7	15	 	BE	3	21	25	 	 	 	 	 	 	 	 	 	 	 	 	 	 	 	 	 	 	 	N	 	 	 	 	 	N	2	1	 	 	1.0135	5	3
BE	1054	7830	1	30	3	2006	54	F	6	 	7	15	 	BE	3	30	54	 	 	 	 	 	 	 	 	 	 	 	 	 	 	 	 	 	 	 	Y	30	 	 	 	 	N	1	1	 	 	0.8367	4	35
BE	1055	7831	1	31	3	2006	48	M	1	7	7	15	 	BE	1	 	 	 	 	 	 	 	 	 	 	 	 	 	 	 	 	 	 	 	 	 	Y	20	 	 	 	 	N	2	1	 	 	1.3978	5	4
BE	1056	7832	1	31	3	2006	45	M	1	7	3	12	 	BE	3	20	44	 	 	 	 	 	 	 	 	 	 	 	 	 	 	 	 	 	 	 	N	 	 	 	 	 	N	1	2	 	 	0.8875	5	25
BE	1057	7833	1	31	3	2006	71	M	2	 	1	6	 	BE	2	70	 	 	 	 	 	 	 	 	 	 	 	 	 	 	 	 	 	 	 	 	N	 	 	 	 	 	N	1	1	 	 	2.285	5	9
BE	1058	7834	1	30	3	2006	52	F	1	7	7	15	 	BE	5	22	27	29	53	 	 	 	 	 	 	 	 	 	 	 	 	 	 	 	 	 	Y	7	 	 	 	 	N	2	1	 	 	1.0103	4	3
BE	1059	7835	1	30	3	2006	51	M	6	 	7	15	 	BE	4	20	23	46	 	 	 	 	 	 	 	 	 	 	 	 	 	 	 	 	 	 	Y	80	 	 	 	 	N	1	1	 	 	0.6693	4	100
BE	1060	7836	1	31	3	2006	73	M	2	 	7	15	 	BE	2	67	 	 	 	 	 	 	 	 	 	 	 	 	 	 	 	 	 	 	 	 	N	 	 	 	 	 	N	2	2	 	 	2.285	5	10
BE	1061	7837	1	30	3	2006	54	F	6	 	7	15	 	BE	2	60	 	 	 	 	 	 	 	 	 	 	 	 	 	 	 	 	 	 	 	 	Y	50	 	 	 	 	N	1	3	 	 	1.0549	4	65
BE	1062	7838	1	30	3	2006	53	F	1	7	3	12	 	BE	2	47	 	 	 	 	 	 	 	 	 	 	 	 	 	 	 	 	 	 	 	 	N	 	 	 	 	 	N	3	1	 	 	1.0549	4	9
BE	1063	7839	1	2	4	2006	42	F	1	7	4	12	 	BE	3	17	44	 	 	 	 	 	 	 	 	 	 	 	 	 	 	 	 	 	 	 	Y	30	 	 	 	 	N	2	2	 	 	0.87	0	8
BE	1064	7840	1	2	4	2006	44	F	1	7	3	12	 	BE	3	5	42	 	 	 	 	 	 	 	 	 	 	 	 	 	 	 	 	 	 	 	Y	100	 	 	 	 	N	3	2	 	 	0.87	0	13
BE	1069	7841	1	2	4	2006	50	M	1	7	3	12	 	BE	2	49	 	 	 	 	 	 	 	 	 	 	 	 	 	 	 	 	 	 	 	 	Y	100	 	 	 	 	N	1	2	 	 	1.0549	0	17
BE	1071	7842	1	3	4	2006	42	M	1	8	4	12	 	BE	1	 	 	 	 	 	 	 	 	 	 	 	 	 	 	 	 	 	 	 	 	 	Y	50	 	 	 	 	N	2	1	 	 	2.3019	1	53
BE	1072	7843	1	31	3	2006	31	M	1	5	2	9	 	BE	3	24	54	 	 	 	 	 	 	 	 	 	 	 	 	 	 	 	 	 	 	 	Y	20	 	 	 	 	N	2	3	 	 	0.7721	5	21
BE	1073	7844	1	30	3	2006	31	F	1	5	3	12	 	EU	2	38	 	 	 	 	 	 	 	 	 	 	 	 	 	 	 	 	 	 	 	 	Y	60	 	 	 	 	N	2	1	 	 	1.6533	4	65
BE	1074	7845	1	30	3	2006	46	M	1	6	7	15	 	EU	6	12	15	18	20	22	 	 	 	 	 	 	 	 	 	 	 	 	 	 	 	 	Y	50	 	 	 	 	Y	2	2	 	 	1.0331	4	54
BE	1077	7846	1	3	4	2006	73	F	2	 	1	6	 	BE	2	74	 	 	 	 	 	 	 	 	 	 	 	 	 	 	 	 	 	 	 	 	N	 	 	 	 	 	N	1	1	 	 	2.285	1	11
BE	1078	7847	1	3	4	2006	29	F	1	7	7	15	 	BE	3	1	30	 	 	 	 	 	 	 	 	 	 	 	 	 	 	 	 	 	 	 	Y	35	 	 	 	 	N	2	2	 	 	1.007	1	54
BE	1079	7848	1	1	4	2006	64	M	2	 	7	15	 	BE	2	65	 	 	 	 	 	 	 	 	 	 	 	 	 	 	 	 	 	 	 	 	N	 	 	 	 	 	N	1	1	 	 	0.7616	6	25
BE	1081	7849	1	31	3	2006	30	M	1	8	2	9	 	BE	3	2	28	 	 	 	 	 	 	 	 	 	 	 	 	 	 	 	 	 	 	 	Y	 	 	 	 	 	N	2	1	 	 	0.7721	5	5
BE	1082	7850	1	4	4	2006	69	M	2	 	7	15	 	BE	1	 	 	 	 	 	 	 	 	 	 	 	 	 	 	 	 	 	 	 	 	 	N	 	 	 	 	 	N	2	1	 	 	1.0388	2	10
BE	1083	7851	1	1	4	2006	32	M	1	8	4	12	 	BE	2	29	 	 	 	 	 	 	 	 	 	 	 	 	 	 	 	 	 	 	 	 	N	 	 	 	 	 	N	2	1	 	 	1.6533	6	4
BE	1085	7852	1	3	4	2006	24	F	1	5	7	15	 	BE	5	20	22	50	51	 	 	 	 	 	 	 	 	 	 	 	 	 	 	 	 	 	Y	50	 	 	 	 	N	2	4	 	 	1.1636	1	63
BE	1087	7853	1	4	4	2006	65	M	2	 	7	15	 	BE	2	66	 	 	 	 	 	 	 	 	 	 	 	 	 	 	 	 	 	 	 	 	N	 	 	 	 	 	Y	2	1	 	 	1.4922	2	10
BE	1088	7854	1	4	4	2006	55	F	1	8	4	12	 	BE	3	24	52	 	 	 	 	 	 	 	 	 	 	 	 	 	 	 	 	 	 	 	Y	200	 	 	 	 	N	2	1	 	 	1.0135	2	203
BE	1089	7855	1	4	4	2006	54	M	1	5	3	12	 	EU	5	12	14	16	47	 	 	 	 	 	 	 	 	 	 	 	 	 	 	 	 	 	N	 	 	 	 	 	N	2	3	 	 	1.0103	2	12
BE	1090	7856	1	4	4	2006	21	F	1	7	3	12	 	BE	5	21	24	48	48	 	 	 	 	 	 	 	 	 	 	 	 	 	 	 	 	 	Y	40	 	 	 	 	N	3	4	 	 	1.1636	2	72
BE	1092	7857	1	4	4	2006	28	F	1	6	7	15	 	BE	4	24	49	52	 	 	 	 	 	 	 	 	 	 	 	 	 	 	 	 	 	 	Y	15	 	 	 	 	N	1	2	 	 	4.026	2	14
BE	1093	7858	1	12	4	2006	56	M	1	6	3	12	 	BE	2	55	 	 	 	 	 	 	 	 	 	 	 	 	 	 	 	 	 	 	 	 	N	 	 	 	 	 	N	2	1	 	 	0.9522	3	29
BE	1095	7859	1	4	4	2006	68	F	2	 	7	15	 	BE	1	 	 	 	 	 	 	 	 	 	 	 	 	 	 	 	 	 	 	 	 	 	N	 	 	 	 	 	N	2	1	 	 	1.0388	2	10
BE	1097	7860	1	1	4	2006	21	M	1	8	4	12	 	BE	4	16	48	54	 	 	 	 	 	 	 	 	 	 	 	 	 	 	 	 	 	 	Y	35	 	 	 	 	N	2	3	 	 	0.6037	6	12
BE	1099	7861	1	4	4	2006	34	M	1	7	7	15	 	BE	3	2	30	 	 	 	 	 	 	 	 	 	 	 	 	 	 	 	 	 	 	 	N	 	 	 	 	 	N	2	2	 	 	0.7721	2	8
BE	1101	7862	1	31	3	2006	25	M	1	7	7	15	 	BE	3	47	50	 	 	 	 	 	 	 	 	 	 	 	 	 	 	 	 	 	 	 	N	 	 	 	 	 	N	2	2	 	 	1.007	5	5
BE	1102	7863	1	31	3	2006	62	M	2	 	2	9	 	BE	2	60	 	 	 	 	 	 	 	 	 	 	 	 	 	 	 	 	 	 	 	 	N	 	 	 	 	 	N	2	1	 	 	0.7616	5	3
BE	1103	7864	1	5	4	2006	18	M	5	 	2	9	 	BE	3	13	36	 	 	 	 	 	 	 	 	 	 	 	 	 	 	 	 	 	 	 	N	 	 	 	 	 	N	2	2	 	 	0.5641	3	5
BE	1104	7865	1	2	4	2006	30	M	1	7	7	15	 	BE	2	27	 	 	 	 	 	 	 	 	 	 	 	 	 	 	 	 	 	 	 	 	N	 	 	 	 	 	N	2	2	 	 	1.6533	0	5
BE	1105	7866	1	2	4	2006	28	F	1	7	7	15	 	BE	1	 	 	 	 	 	 	 	 	 	 	 	 	 	 	 	 	 	 	 	 	 	N	 	 	 	 	 	N	2	1	 	 	0.6592	0	4
BE	1106	7867	1	4	4	2006	26	M	1	7	7	15	 	BE	1	 	 	 	 	 	 	 	 	 	 	 	 	 	 	 	 	 	 	 	 	 	N	 	 	 	 	 	N	2	2	 	 	0.6592	2	4
BE	1107	7868	1	5	4	2006	18	M	5	 	7	15	 	BE	3	40	43	 	 	 	 	 	 	 	 	 	 	 	 	 	 	 	 	 	 	 	N	 	 	 	 	 	N	2	1	 	 	0.5641	3	15
BE	1108	7869	1	9	4	2006	64	F	2	 	7	15	 	BE	1	 	 	 	 	 	 	 	 	 	 	 	 	 	 	 	 	 	 	 	 	 	N	 	 	 	 	 	N	2	1	 	 	0.882	0	2
BE	1109	7870	1	5	4	2006	45	M	1	6	7	15	 	BE	3	5	30	 	 	 	 	 	 	 	 	 	 	 	 	 	 	 	 	 	 	 	Y	17	 	 	 	 	N	1	3	 	 	0.8875	3	28
BE	1110	7871	1	6	4	2006	45	M	1	7	7	15	 	BE	4	15	18	42	 	 	 	 	 	 	 	 	 	 	 	 	 	 	 	 	 	 	Y	35	 	 	 	 	N	1	1	 	 	1.0063	4	74
BE	1112	7872	1	5	4	2006	26	M	1	7	7	15	 	BE	2	24	 	 	 	 	 	 	 	 	 	 	 	 	 	 	 	 	 	 	 	 	Y	25	 	 	 	 	N	1	2	 	 	1.0649	3	43
BE	1113	7873	1	9	4	2006	28	M	1	6	7	15	 	BE	3	2	27	 	 	 	 	 	 	 	 	 	 	 	 	 	 	 	 	 	 	 	N	 	 	 	 	 	N	2	1	 	 	1.007	0	8
BE	1115	7874	1	5	4	2006	23	M	1	7	7	15	 	BE	1	 	 	 	 	 	 	 	 	 	 	 	 	 	 	 	 	 	 	 	 	 	Y	15	 	 	 	 	N	1	1	 	 	2.1889	3	4
BE	1117	7875	1	4	4	2006	48	F	1	7	3	12	 	BE	3	21	42	 	 	 	 	 	 	 	 	 	 	 	 	 	 	 	 	 	 	 	N	 	 	 	 	 	N	2	1	 	 	0.8875	2	5
BE	1118	7876	1	4	4	2006	46	F	1	7	7	15	 	BE	4	19	22	47	 	 	 	 	 	 	 	 	 	 	 	 	 	 	 	 	 	 	Y	35	 	 	 	 	N	3	2	 	 	1.0063	2	47
BE	1119	7877	1	4	4	2006	80	M	2	 	2	9	 	BE	1	 	 	 	 	 	 	 	 	 	 	 	 	 	 	 	 	 	 	 	 	 	N	 	 	 	 	 	N	3	1	 	 	3.9884	2	5
BE	1120	7878	1	8	4	2006	74	M	2	 	1	6	 	BE	2	78	 	 	 	 	 	 	 	 	 	 	 	 	 	 	 	 	 	 	 	 	N	 	 	 	 	 	N	2	2	 	 	2.285	6	7
BE	1121	7879	1	5	4	2006	25	F	1	7	7	15	 	BE	1	 	 	 	 	 	 	 	 	 	 	 	 	 	 	 	 	 	 	 	 	 	N	 	 	 	 	 	N	2	2	 	 	0.6592	3	6
BE	1122	7880	1	8	4	2006	37	M	1	5	3	12	 	BE	4	7	11	35	 	 	 	 	 	 	 	 	 	 	 	 	 	 	 	 	 	 	Y	 	 	 	 	 	N	2	1	 	 	1.2112	6	6
BE	1124	7881	1	4	4	2006	38	M	1	8	4	12	 	BE	6	10	11	14	15	37	 	 	 	 	 	 	 	 	 	 	 	 	 	 	 	 	N	 	 	 	 	 	N	1	2	 	 	1.3126	2	11
BE	1125	7882	1	5	4	2006	32	M	1	7	7	15	 	BE	3	4	30	 	 	 	 	 	 	 	 	 	 	 	 	 	 	 	 	 	 	 	N	 	 	 	 	 	N	2	2	 	 	0.7721	3	5
BE	1126	7883	1	2	4	2006	19	M	5	 	2	9	 	BE	5	11	14	42	44	 	 	 	 	 	 	 	 	 	 	 	 	 	 	 	 	 	N	 	 	 	 	 	N	2	2	 	 	0.6122	0	6
BE	1128	7884	1	31	3	2006	37	M	1	6	7	15	 	BE	3	4	35	 	 	 	 	 	 	 	 	 	 	 	 	 	 	 	 	 	 	 	N	 	 	 	 	 	N	2	2	 	 	3.0835	5	4
BE	1133	7885	1	8	4	2006	37	M	4	 	3	12	 	BE	2	35	 	 	 	 	 	 	 	 	 	 	 	 	 	 	 	 	 	 	 	 	N	 	 	 	 	 	N	2	1	 	 	1.1112	6	4
BE	1134	7886	1	2	4	2006	34	M	1	6	7	15	 	BE	1	 	 	 	 	 	 	 	 	 	 	 	 	 	 	 	 	 	 	 	 	 	Y	30	 	 	 	 	N	2	2	 	 	0.8324	0	5
BE	1135	7887	1	6	4	2006	36	M	4	 	4	12	 	BE	1	 	 	 	 	 	 	 	 	 	 	 	 	 	 	 	 	 	 	 	 	 	N	 	 	 	 	 	N	1	1	 	 	1.3667	4	2
BE	1136	7888	1	4	4	2006	39	M	1	7	3	12	 	BE	2	28	 	 	 	 	 	 	 	 	 	 	 	 	 	 	 	 	 	 	 	 	N	 	 	 	 	 	N	1	1	 	 	1.1112	2	9
BE	1141	7889	1	2	4	2006	38	M	1	7	7	15	 	BE	4	8	9	37	 	 	 	 	 	 	 	 	 	 	 	 	 	 	 	 	 	 	N	 	 	 	 	 	N	2	1	 	 	1.2112	0	10
BE	1142	7890	1	9	4	2006	60	F	2	 	3	12	 	BE	2	60	 	 	 	 	 	 	 	 	 	 	 	 	 	 	 	 	 	 	 	 	N	 	 	 	 	 	N	2	1	 	 	0.7616	0	3
BE	1147	7891	1	2	4	2006	28	M	1	7	7	15	 	BE	2	25	 	 	 	 	 	 	 	 	 	 	 	 	 	 	 	 	 	 	 	 	N	 	 	 	 	 	N	2	2	 	 	1.0649	0	4
BE	1150	7892	1	7	4	2006	27	F	1	7	3	12	 	BE	2	27	 	 	 	 	 	 	 	 	 	 	 	 	 	 	 	 	 	 	 	 	Y	 	 	 	 	 	N	2	2	 	 	1.0649	5	3
BE	1155	7893	1	6	4	2006	45	F	1	7	7	15	 	BE	5	14	16	19	21	 	 	 	 	 	 	 	 	 	 	 	 	 	 	 	 	 	Y	15	 	 	 	 	N	2	1	 	 	1.0331	4	11
BE	1157	7894	1	2	4	2006	50	F	1	7	7	15	 	BE	1	 	 	 	 	 	 	 	 	 	 	 	 	 	 	 	 	 	 	 	 	 	N	 	 	 	 	 	N	2	1	 	 	1.4245	0	10
BE	1158	7895	1	2	4	2006	50	F	6	 	4	12	 	BE	2	50	 	 	 	 	 	 	 	 	 	 	 	 	 	 	 	 	 	 	 	 	N	 	 	 	 	 	N	2	2	 	 	1.0549	0	15
BE	1159	7896	1	4	4	2006	50	F	1	7	7	15	 	BE	3	26	29	 	 	 	 	 	 	 	 	 	 	 	 	 	 	 	 	 	 	 	N	 	 	 	 	 	N	1	1	 	 	0.8367	2	4
BE	1160	7897	1	4	4	2006	66	F	2	 	3	12	 	BE	1	 	 	 	 	 	 	 	 	 	 	 	 	 	 	 	 	 	 	 	 	 	N	 	 	 	 	 	N	2	1	 	 	1.0388	2	3
BE	1161	7898	1	6	4	2006	73	M	2	 	7	15	 	BE	1	 	 	 	 	 	 	 	 	 	 	 	 	 	 	 	 	 	 	 	 	 	N	 	 	 	 	 	N	2	1	 	 	3.9884	4	12
BE	1162	7899	1	4	4	2006	82	M	2	 	4	12	 	BE	1	 	 	 	 	 	 	 	 	 	 	 	 	 	 	 	 	 	 	 	 	 	N	 	 	 	 	 	N	1	1	 	 	3.9884	2	1
BE	1163	7900	1	3	4	2006	53	F	6	 	3	12	 	BE	4	29	52	 	 	 	 	 	 	 	 	 	 	 	 	 	 	 	 	 	 	 	Y	20	 	 	 	 	N	2	1	 	 	0.6693	1	32
BE	1164	7901	1	4	4	2006	19	F	5	 	3	12	 	BE	4	7	15	43	 	 	 	 	 	 	 	 	 	 	 	 	 	 	 	 	 	 	Y	200	 	 	 	 	N	1	3	 	 	0.5178	2	216
BE	1165	7902	1	4	4	2006	58	M	2	 	7	15	 	BE	1	 	 	 	 	 	 	 	 	 	 	 	 	 	 	 	 	 	 	 	 	 	N	 	 	 	 	 	N	2	1	 	 	1.0573	2	9
BE	1166	7903	1	2	4	2006	50	F	3	 	4	12	 	BE	2	52	 	 	 	 	 	 	 	 	 	 	 	 	 	 	 	 	 	 	 	 	N	 	 	 	 	 	N	2	4	 	 	1.0549	0	16
BE	1167	50038	1	4	4	2006	71	F	2	 	2	9	 	BE	1	 	 	 	 	 	 	 	 	 	 	 	 	 	 	 	 	 	 	 	 	 	N	 	 	 	 	 	N	1	1	 	 	3.9884	2	0
BE	1168	7904	1	6	4	2006	43	F	3	 	1	6	 	OT	4	8	9	49	 	 	 	 	 	 	 	 	 	 	 	 	 	 	 	 	 	 	N	 	 	 	 	 	N	1	3	 	 	1.6599	4	8
BE	1170	7905	1	5	4	2006	54	F	1	7	7	15	 	BE	4	29	31	56	 	 	 	 	 	 	 	 	 	 	 	 	 	 	 	 	 	 	Y	100	 	 	 	 	N	2	2	 	 	0.6693	3	113
BE	1174	7906	1	5	4	2006	34	F	1	7	7	15	 	BE	1	 	 	 	 	 	 	 	 	 	 	 	 	 	 	 	 	 	 	 	 	 	Y	60	 	 	 	 	N	2	2	 	 	0.8324	3	62
BE	1175	7907	1	8	4	2006	52	M	6	 	4	12	 	BE	4	25	18	50	 	 	 	 	 	 	 	 	 	 	 	 	 	 	 	 	 	 	Y	20	 	 	 	 	N	2	1	 	 	0.6693	6	15
BE	1176	7908	1	6	4	2006	42	F	3	 	1	6	 	BE	4	14	21	43	 	 	 	 	 	 	 	 	 	 	 	 	 	 	 	 	 	 	N	 	 	 	 	 	N	2	2	 	 	1.6599	4	9
BE	1177	7909	1	12	4	2006	21	F	4	 	3	12	 	BE	4	19	55	55	 	 	 	 	 	 	 	 	 	 	 	 	 	 	 	 	 	 	N	 	 	 	 	 	N	2	2	 	 	0.6037	3	12
BE	1178	7910	1	6	4	2006	84	M	2	 	7	15	 	BE	1	 	 	 	 	 	 	 	 	 	 	 	 	 	 	 	 	 	 	 	 	 	N	 	 	 	 	 	N	1	1	 	 	3.9884	4	3
BE	1180	7911	1	9	4	2006	32	M	1	8	4	12	 	BE	1	 	 	 	 	 	 	 	 	 	 	 	 	 	 	 	 	 	 	 	 	 	Y	10	 	 	 	 	N	2	2	 	 	0.8324	0	11
BE	1181	7912	1	9	4	2006	46	F	1	7	7	15	 	BE	3 	21	48	 	 	 	 	 	 	 	 	 	 	 	 	 	 	 	 	 	 	 	Y	50	 	 	 	 	N	2	2	 	 	0.8875	0	15
BE	1182	7913	1	8	4	2006	55	F	3	 	3	12	 	BE	4	19	24	57	 	 	 	 	 	 	 	 	 	 	 	 	 	 	 	 	 	 	N	 	 	 	 	 	N	1	2	 	 	0.5455	6	25
BE	1183	7914	1	5	4	2006	59	F	2	 	7	15	 	BE	2	65	 	 	 	 	 	 	 	 	 	 	 	 	 	 	 	 	 	 	 	 	N	 	 	 	 	 	N	2	2	 	 	0.9522	3	34
BE	1184	7915	1	6	4	2006	44	M	1	7	7	15	 	BE	4	13	16	43	 	 	 	 	 	 	 	 	 	 	 	 	 	 	 	 	 	 	N	 	 	 	 	 	N	2	2	 	 	1.6599	4	7
BE	1187	7916	1	6	4	2006	34	F	4	 	4	12	 	BE	3	10	36	 	 	 	 	 	 	 	 	 	 	 	 	 	 	 	 	 	 	 	N	 	 	 	 	 	N	1	1	 	 	0.7721	4	8
BE	1188	7917	1	8	4	2006	51	F	1	6	7	15	 	BE	4	19	24	53	 	 	 	 	 	 	 	 	 	 	 	 	 	 	 	 	 	 	Y	30	 	 	 	 	N	2	1	 	 	0.6693	6	7
BE	1191	7918	1	5	4	2006	41	F	4	 	2	9	 	BE	5	4	10	13	40	 	 	 	 	 	 	 	 	 	 	 	 	 	 	 	 	 	N	 	 	 	 	 	N	1	1	 	 	2.3409	3	5
BE	1192	7919	1	6	4	2006	58	M	1	7	3	12	 	BE	2	57	 	 	 	 	 	 	 	 	 	 	 	 	 	 	 	 	 	 	 	 	Y	35	 	 	 	 	N	3	2	 	 	0.9522	4	54
BE	1193	7920	1	9	4	2006	39	F	1	7	7	15	 	BE	4	14	16	42	 	 	 	 	 	 	 	 	 	 	 	 	 	 	 	 	 	 	Y	20	 	 	 	 	Y	3	3	 	 	1.2112	0	9
BE	1194	7921	1	5	4	2006	25	F	6	 	2	9	 	EU	3	2	31	 	 	 	 	 	 	 	 	 	 	 	 	 	 	 	 	 	 	 	N	 	 	 	 	 	N	2	1	 	 	1.007	3	11
BE	1195	7922	1	9	4	2006	70	M	2	 	3	12	 	BE	2	65	 	 	 	 	 	 	 	 	 	 	 	 	 	 	 	 	 	 	 	 	N	 	 	 	 	 	N	2	1	 	 	2.285	0	2
BE	1196	7923	1	6	4	2006	57	M	6	 	3	12	 	EU	4	22	26	55	 	 	 	 	 	 	 	 	 	 	 	 	 	 	 	 	 	 	N	 	 	 	 	 	N	1	1	 	 	0.5455	4	11
BE	1197	7924	1	5	4	2006	39	F	4	 	4	12	 	BE	4	14	16	18	 	 	 	 	 	 	 	 	 	 	 	 	 	 	 	 	 	 	N	 	 	 	 	 	N	1	3	 	 	1.2112	3	15
BE	1198	7925	1	9	4	2006	23	F	4	 	3	12	 	BE	5	23	25	50	50	 	 	 	 	 	 	 	 	 	 	 	 	 	 	 	 	 	N	 	 	 	 	 	N	2	2	 	 	1.1636	0	5
BE	1199	7926	1	5	4	2006	38	F	4	 	2	9	 	BE	2	15	 	 	 	 	 	 	 	 	 	 	 	 	 	 	 	 	 	 	 	 	N	 	 	 	 	 	N	2	2	 	 	1.1112	3	3
BE	1200	7927	1	5	4	2006	47	M	1	7	7	15	 	BE	3	19	45	 	 	 	 	 	 	 	 	 	 	 	 	 	 	 	 	 	 	 	N	 	 	 	 	 	N	2	2	 	 	0.8875	3	5
BE	1201	7928	1	5	4	2006	32	M	1	8	3	12	 	BE	3	6	28	 	 	 	 	 	 	 	 	 	 	 	 	 	 	 	 	 	 	 	Y	25	 	 	 	 	N	2	2	 	 	0.7721	3	31
BE	1202	7929	1	5	4	2006	63	M	2	 	2	9	 	BE	2	60	 	 	 	 	 	 	 	 	 	 	 	 	 	 	 	 	 	 	 	 	N	 	 	 	 	 	N	2	2	 	 	0.7616	3	4
BE	1203	7930	1	5	4	2006	23	M	4	 	3	12	 	BE	3	45	47	 	 	 	 	 	 	 	 	 	 	 	 	 	 	 	 	 	 	 	N	 	 	 	 	 	N	2	1	 	 	0.9039	3	5
BE	1204	7931	1	5	4	2006	63	F	3	 	2	9	 	BE	1	 	 	 	 	 	 	 	 	 	 	 	 	 	 	 	 	 	 	 	 	 	N	 	 	 	 	 	N	1	1	 	 	0.882	3	3
BE	1205	7932	1	8	4	2006	23	F	1	7	3	12	 	BE	1	 	 	 	 	 	 	 	 	 	 	 	 	 	 	 	 	 	 	 	 	 	N	 	 	 	 	 	N	2	3	 	 	2.1889	6	6
BE	1206	7933	1	2	4	2006	62	F	3	 	2	9	 	BE	2	65	 	 	 	 	 	 	 	 	 	 	 	 	 	 	 	 	 	 	 	 	N	 	 	 	 	 	N	2	2	 	 	0.7616	0	4
BE	1207	7934	1	8	4	2006	37	M	1	8	3	12	 	BE	1	 	 	 	 	 	 	 	 	 	 	 	 	 	 	 	 	 	 	 	 	 	N	 	 	 	 	 	N	2	1	 	 	1.3667	6	7
BE	1208	7935	1	9	4	2006	26	F	1	7	7	15	 	BE	1	 	 	 	 	 	 	 	 	 	 	 	 	 	 	 	 	 	 	 	 	 	N	 	 	 	 	 	N	2	1	 	 	0.6592	0	4
BE	1209	7936	1	2	4	2006	26	F	1	7	7	15	 	BE	1	 	 	 	 	 	 	 	 	 	 	 	 	 	 	 	 	 	 	 	 	 	N	 	 	 	 	 	N	2	1	 	 	0.6592	0	4
BE	1210	7937	1	11	4	2006	20	F	5	 	7	15	 	BE	5	33	58	59	 	 	 	 	 	 	 	 	 	 	 	 	 	 	 	 	 	 	Y	 	 	 	 	 	N	1	1	 	 	1.1636	2	4
BE	1211	7938	1	10	4	2006	20	F	5	 	3	12	 	BE	3	41	43	 	 	 	 	 	 	 	 	 	 	 	 	 	 	 	 	 	 	 	N	 	 	 	 	 	N	2	3	 	 	0.9039	1	7
BE	1214	7939	1	11	4	2006	39	M	1	6	7	15	 	EU	1	 	 	 	 	 	 	 	 	 	 	 	 	 	 	 	 	 	 	 	 	 	Y	10	 	 	 	 	N	1	2	 	 	1.3667	2	12
BE	1215	7940	1	11	4	2006	32	M	1	5	7	15	 	BE	4	29	3	1	 	 	 	 	 	 	 	 	 	 	 	 	 	 	 	 	 	 	N	 	 	 	 	 	N	2	2	 	 	2.3507	2	30
BE	1216	7941	1	11	4	2006	30	M	1	7	3	12	 	BE	1	 	 	 	 	 	 	 	 	 	 	 	 	 	 	 	 	 	 	 	 	 	Y	20	 	 	 	 	N	2	4	 	 	0.8324	2	39
BE	1217	7942	1	11	4	2006	39	M	1	8	0	0	 	EU	3	3	32	 	 	 	 	 	 	 	 	 	 	 	 	 	 	 	 	 	 	 	N	 	 	 	 	 	Y	1	1	 	 	3.0835	2	4
BE	1218	7943	1	6	4	2006	32	M	1	5	7	15	 	EU	1	 	 	 	 	 	 	 	 	 	 	 	 	 	 	 	 	 	 	 	 	 	Y	20	 	 	 	 	N	2	1	 	 	0.8324	4	8
BE	1221	7944	1	5	4	2006	27	F	1	7	7	15	 	BE	2	31	 	 	 	 	 	 	 	 	 	 	 	 	 	 	 	 	 	 	 	 	Y	50	 	 	 	 	N	2	2	 	 	1.0649	3	61
BE	1223	7945	1	5	4	2006	19	F	5	 	3	12	 	BE	5	15	17	43	52	 	 	 	 	 	 	 	 	 	 	 	 	 	 	 	 	 	N	 	 	 	 	 	N	2	1	 	 	0.6122	3	9
BE	1225	7946	1	9	4	2006	59	F	2	 	2	9	 	BE	2	66	 	 	 	 	 	 	 	 	 	 	 	 	 	 	 	 	 	 	 	 	N	 	 	 	 	 	Y	2	4	 	 	0.9522	0	2
BE	1226	7947	1	4	4	2006	42	M	1	7	7	15	 	BE	3	14	40	 	 	 	 	 	 	 	 	 	 	 	 	 	 	 	 	 	 	 	Y	35	 	 	 	 	N	2	2	 	 	0.87	2	39
BE	1227	7948	1	4	4	2006	46	M	1	5	3	12	 	BE	3	15	43	 	 	 	 	 	 	 	 	 	 	 	 	 	 	 	 	 	 	 	Y	40	 	 	 	 	N	2	2	 	 	0.8875	2	43
BE	1228	7949	1	5	4	2006	38	M	1	8	3	12	 	BE	3	12	36	 	 	 	 	 	 	 	 	 	 	 	 	 	 	 	 	 	 	 	Y	30	 	 	 	 	N	2	2	 	 	3.0835	3	36
BE	1229	7950	1	6	4	2006	35	F	1	7	3	12	 	BE	2	37	 	 	 	 	 	 	 	 	 	 	 	 	 	 	 	 	 	 	 	 	N	 	 	 	 	 	N	2	1	 	 	1.1112	4	2
BE	1230	7951	1	6	4	2006	19	M	1	8	4	12	 	BE	4	17	53	57	 	 	 	 	 	 	 	 	 	 	 	 	 	 	 	 	 	 	N	 	 	 	 	 	N	1	2	 	 	0.5178	4	34
BE	1235	7952	1	1	4	2006	48	M	1	8	2	9	 	BE	1	 	 	 	 	 	 	 	 	 	 	 	 	 	 	 	 	 	 	 	 	 	N	 	 	 	 	 	N	2	2	 	 	1.3978	6	3
BE	1236	7953	1	9	4	2006	20	M	5	 	3	12	 	BE	3	45	49	 	 	 	 	 	 	 	 	 	 	 	 	 	 	 	 	 	 	 	N	 	 	 	 	 	N	2	2	 	 	0.9039	0	5
BE	1237	7954	1	5	4	2006	27	M	1	7	7	15	 	BE	2	25	 	 	 	 	 	 	 	 	 	 	 	 	 	 	 	 	 	 	 	 	N	 	 	 	 	 	N	2	2	 	 	1.0649	3	7
BE	1238	7955	1	2	4	2006	21	F	5	 	3	12	 	BE	4	19	46	49	 	 	 	 	 	 	 	 	 	 	 	 	 	 	 	 	 	 	N	 	 	 	 	 	N	2	2	 	 	0.6037	0	5
BE	1239	7956	1	7	4	2006	21	M	5	 	3	12	 	BE	4	19	41	44	 	 	 	 	 	 	 	 	 	 	 	 	 	 	 	 	 	 	N	 	 	 	 	 	N	2	2	 	 	0.6037	5	4
BE	1241	7957	1	7	5	2006	25	M	1	7	7	15	 	BE	2	26	 	 	 	 	 	 	 	 	 	 	 	 	 	 	 	 	 	 	 	 	Y	15	 	 	 	 	N	2	2	 	 	1.0649	0	7
BE	1242	7958	1	11	4	2006	35	M	1	7	7	15	 	BE	1	 	 	 	 	 	 	 	 	 	 	 	 	 	 	 	 	 	 	 	 	 	N	 	 	 	 	 	N	1	1	 	 	1.3667	2	12
BE	1244	7959	1	9	4	2006	21	M	5	 	2	9	 	OT	4	23	24	26	 	 	 	 	 	 	 	 	 	 	 	 	 	 	 	 	 	 	Y	19	 	 	 	 	N	2	1	 	 	0.6037	0	90
BE	1247	7960	1	11	4	2006	28	M	1	7	7	15	 	BE	1	 	 	 	 	 	 	 	 	 	 	 	 	 	 	 	 	 	 	 	 	 	N	 	 	 	 	 	N	2	4	 	 	0.6592	2	7
BE	1248	7961	1	6	4	2006	34	F	1	7	7	15	 	BE	3	2	45	 	 	 	 	 	 	 	 	 	 	 	 	 	 	 	 	 	 	 	Y	60	 	 	 	 	N	1	1	 	 	0.7721	4	74
BE	1249	7962	1	8	4	2006	35	M	1	8	2	9	 	BE	6	2	6	9	11	30	 	 	 	 	 	 	 	 	 	 	 	 	 	 	 	 	Y	40	 	 	 	 	N	2	3	 	 	1.3126	6	8
BE	1250	7963	1	9	4	2006	23	F	1	7	3	12	 	BE	3	49	49	 	 	 	 	 	 	 	 	 	 	 	 	 	 	 	 	 	 	 	Y	10	 	 	 	 	N	2	2	 	 	0.9039	0	6
BE	1251	7964	1	5	4	2006	25	F	1	8	3	12	 	BE	2	25	 	 	 	 	 	 	 	 	 	 	 	 	 	 	 	 	 	 	 	 	Y	40	 	 	 	 	N	3	2	 	 	1.0649	3	52
BE	1254	7965	1	5	4	2006	27	F	1	7	3	12	 	BE	2	27	 	 	 	 	 	 	 	 	 	 	 	 	 	 	 	 	 	 	 	 	Y	 	 	 	 	 	Y	1	3	 	 	1.0649	3	49
BE	1256	7966	1	4	4	2006	34	F	1	7	7	15	 	BE	5	2	5	10	36	 	 	 	 	 	 	 	 	 	 	 	 	 	 	 	 	 	Y	30	 	 	 	 	N	1	4	 	 	1.2399	2	54
BE	1257	7967	1	12	4	2006	25	M	1	7	7	15	 	BE	1	 	 	 	 	 	 	 	 	 	 	 	 	 	 	 	 	 	 	 	 	 	N	 	 	 	 	 	N	2	2	 	 	0.6592	3	11
BE	1258	7968	1	28	3	2006	47	M	6	 	7	15	 	BE	6	4	14	17	19	44	 	 	 	 	 	 	 	 	 	 	 	 	 	 	 	 	N	 	 	 	 	 	N	1	2	 	 	1.0331	2	12
BE	1259	7969	1	10	4	2006	19	M	5	 	3	12	 	BE	4	16	46	48	 	 	 	 	 	 	 	 	 	 	 	 	 	 	 	 	 	 	Y	20	 	 	 	 	N	2	1	 	 	0.5178	1	3
BE	1262	7970	1	2	4	2006	27	M	4	 	2	9	 	BE	1	 	 	 	 	 	 	 	 	 	 	 	 	 	 	 	 	 	 	 	 	 	N	 	 	 	 	 	N	2	1	 	 	0.6592	0	2
BE	1263	7971	1	5	4	2006	46	M	1	8	3	12	 	BE	1	 	 	 	 	 	 	 	 	 	 	 	 	 	 	 	 	 	 	 	 	 	N	 	 	 	 	 	N	2	2	 	 	1.3978	3	4
BE	1264	7972	1	5	4	2006	22	F	5	 	3	12	 	BE	4	20	46	48	 	 	 	 	 	 	 	 	 	 	 	 	 	 	 	 	 	 	N	 	 	 	 	 	N	2	2	 	 	0.6037	3	6
BE	1265	7973	1	1	4	2006	23	M	1	7	7	15	 	BE	3	46	48	 	 	 	 	 	 	 	 	 	 	 	 	 	 	 	 	 	 	 	N	 	 	 	 	 	N	2	2	 	 	0.9039	6	5
BE	1266	7974	1	9	4	2006	41	M	1	7	3	12	 	BE	3	11	39	 	 	 	 	 	 	 	 	 	 	 	 	 	 	 	 	 	 	 	N	 	 	 	 	 	N	2	2	 	 	0.87	0	6
BE	1267	7975	1	5	4	2006	30	M	4	 	4	12	 	BE	1	 	 	 	 	 	 	 	 	 	 	 	 	 	 	 	 	 	 	 	 	 	N	 	 	 	 	 	N	1	1	 	 	0.8324	3	11
BE	1268	7976	1	5	4	2006	33	F	1	8	4	12	 	BE	4	9	11	44	 	 	 	 	 	 	 	 	 	 	 	 	 	 	 	 	 	 	Y	3	 	 	 	 	N	1	2	 	 	2.3507	3	20
BE	1269	7977	1	9	4	2006	22	M	5	 	7	15	 	BE	4	18	47	52	 	 	 	 	 	 	 	 	 	 	 	 	 	 	 	 	 	 	N	 	 	 	 	 	N	2	1	 	 	0.6037	0	3
BE	1270	7978	1	7	4	2006	55	M	1	7	7	15	 	BE	2	53	 	 	 	 	 	 	 	 	 	 	 	 	 	 	 	 	 	 	 	 	Y	30	 	 	 	 	N	2	2	 	 	0.9522	5	43
BE	1271	7979	1	8	4	2006	18	M	5	 	3	12	 	BE	4	16	53	66	 	 	 	 	 	 	 	 	 	 	 	 	 	 	 	 	 	 	Y	80	 	 	 	 	N	2	1	 	 	0.5178	6	11
BE	1272	7980	1	9	4	2006	26	M	4	 	4	12	 	BE	3	54	57	 	 	 	 	 	 	 	 	 	 	 	 	 	 	 	 	 	 	 	Y	30	 	 	 	 	N	2	1	 	 	1.007	0	5
BE	1273	7981	1	9	4	2006	26	M	1	8	4	12	 	BE	5	5	13	16	37	 	 	 	 	 	 	 	 	 	 	 	 	 	 	 	 	 	N	 	 	 	 	 	N	1	1	 	 	1.3812	0	5
BE	1274	7982	1	8	4	2006	39	M	1	6	7	15	 	BE	3	12	34	 	 	 	 	 	 	 	 	 	 	 	 	 	 	 	 	 	 	 	Y	30	 	 	 	 	N	2	2	 	 	3.0835	6	7
BE	1279	7983	1	6	4	2006	40	F	1	6	7	15	 	BE	1	 	 	 	 	 	 	 	 	 	 	 	 	 	 	 	 	 	 	 	 	 	Y	15	 	 	 	 	N	2	2	 	 	2.3019	4	5
BE	1281	7984	1	29	4	2006	57	F	6	 	7	15	 	BE	2	76	 	 	 	 	 	 	 	 	 	 	 	 	 	 	 	 	 	 	 	 	N	 	 	 	 	 	N	2	2	 	 	0.9522	6	14
BE	1284	7985	1	9	4	2006	47	M	1	5	4	12	 	BE	2	39	 	 	 	 	 	 	 	 	 	 	 	 	 	 	 	 	 	 	 	 	Y	 	 	 	 	 	N	2	1	 	 	1.7036	0	1
BE	1285	7986	1	9	4	2006	32	M	6	 	7	15	 	BE	3	3	31	 	 	 	 	 	 	 	 	 	 	 	 	 	 	 	 	 	 	 	Y	15	 	 	 	 	N	2	2	 	 	0.7721	0	5
BE	1286	7987	1	5	4	2006	54	F	4	 	2	9	 	EU	4	26	27	57	 	 	 	 	 	 	 	 	 	 	 	 	 	 	 	 	 	 	N	 	 	 	 	 	N	2	1	 	 	0.6693	3	18
BE	1288	7988	1	2	4	2006	26	F	1	7	7	15	 	BE	3	0	31	 	 	 	 	 	 	 	 	 	 	 	 	 	 	 	 	 	 	 	Y	60	 	 	 	 	N	3	1	 	 	1.007	0	7
BE	1289	7989	1	6	4	2006	28	F	4	 	3	12	 	OT	3	40	 	 	 	 	 	 	 	 	 	 	 	 	 	 	 	 	 	 	 	 	N	 	 	 	 	 	N	1	1	 	 	1.007	4	9
BE	1290	7990	1	5	4	2006	31	M	4	 	3	12	 	BE	2	68	 	 	 	 	 	 	 	 	 	 	 	 	 	 	 	 	 	 	 	 	N	 	 	 	 	 	N	3	2	 	 	1.6533	3	19
BE	1292	7991	1	5	4	2006	32	F	1	8	3	12	 	BE	4	4	6	34	 	 	 	 	 	 	 	 	 	 	 	 	 	 	 	 	 	 	N	 	 	 	 	 	N	1	2	 	 	2.3507	3	40
BE	1293	7992	1	5	4	2006	43	F	6	 	0	0	 	BE	5	11	20	23	49	 	 	 	 	 	 	 	 	 	 	 	 	 	 	 	 	 	N	 	 	 	 	 	Y	1	1	 	 	2.3409	3	11
BE	1294	7993	1	5	4	2006	19	M	4	 	3	12	 	BE	5	18	21	46	47	 	 	 	 	 	 	 	 	 	 	 	 	 	 	 	 	 	N	 	 	 	 	 	N	2	1	 	 	0.6122	3	14
BE	1295	7994	1	9	4	2006	40	F	1	7	7	15	 	BE	2	36	 	 	 	 	 	 	 	 	 	 	 	 	 	 	 	 	 	 	 	 	Y	15	 	 	 	 	N	1	1	 	 	2.1507	0	5
BE	1300	7995	1	27	3	2006	50	F	1	7	7	15	 	BE	2	21	 	 	 	 	 	 	 	 	 	 	 	 	 	 	 	 	 	 	 	 	Y	20	 	 	 	 	N	2	1	 	 	1.0549	1	12
BE	1301	7996	1	3	4	2006	27	M	1	7	7	15	 	BE	2	26	 	 	 	 	 	 	 	 	 	 	 	 	 	 	 	 	 	 	 	 	Y	18	 	 	 	 	N	2	1	 	 	1.0649	1	10
BE	1302	7997	1	2	4	2006	33	F	4	 	3	12	 	BE	3	9	11	 	 	 	 	 	 	 	 	 	 	 	 	 	 	 	 	 	 	 	N	 	 	 	 	 	N	2	2	 	 	0.7721	0	4
BE	1303	7998	1	2	4	2006	44	M	4	 	3	12	 	BE	2	78	 	 	 	 	 	 	 	 	 	 	 	 	 	 	 	 	 	 	 	 	N	 	 	 	 	 	N	2	4	 	 	2.1507	0	9
BE	1304	7999	3	4	4	2006	1	F	1	7	3	12	 	BE	3	28	34	 	 	 	 	 	 	 	 	 	 	 	 	 	 	 	 	 	 	 	 	 	Y	2	1	BE	N	2	1	 	 	0.3006	2	7
BE	1305	8000	1	31	3	2006	26	M	1	7	7	15	 	BE	3	53	53	 	 	 	 	 	 	 	 	 	 	 	 	 	 	 	 	 	 	 	N	 	 	 	 	 	N	2	1	 	 	1.007	5	10
BE	1306	8001	1	18	3	2006	14	F	5	 	2	9	 	BE	6	3	11	18	43	52	 	 	 	 	 	 	 	 	 	 	 	 	 	 	 	 	Y	70	 	 	 	 	N	1	3	 	 	1.0819	6	28
